317331 14637 1279207934383 4 10 True
317331 310971 1279540809057 3 1 False
317331 130442 1279541047540 3 6 True
317331 384302 1279541538707 3 1 False
111307 404501 1281449333477 3 1 False
111307 321866 1281449725517 3 1 False
111307 416822 1281497741033 3 5 False
111307 111307 1281803262773 3 4 True
427252 427252 1289762403900 2 2 False
427252 316382 1289772777087 2 3 True
5334 491591 1291993991980 4 2 True
230270 129122 1294062150117 7 1 False
230270 539885 1294063477677 7 7 False
230270 498253 1294064069447 7 2 False
230270 37213 1294064246463 7 7 True
230270 498253 1294064672593 7 -1 False
137529 524436 1294825989130 2 2 True
642690 614363 1301233758683 8 9 True
701008 701145 1302462113577 24 3 False
701008 24283 1302466869247 24 36 True
297353 353410 1303249983907 2 1 True
437283 437283 1307468450130 3 1 True
317331 496684 1308432210967 3 0 False
498437 513598 1310787457873 6 8 True
498437 498437 1311025483080 1 0 True
452830 37213 1312813462663 4 5 False
452830 373025 1312813479427 4 5 False
461597 76810 1312894424027 13 1 False
452830 452830 1313512303410 4 2 True
894755 153619 1314234201987 3 3 True
461597 461597 1314270549407 13 17 True
586938 461295 1314277127600 8 0 False
586938 161144 1314277187133 8 1 True
875792 16582 1314823202363 10 2 False
875792 875792 1314891961067 10 0 True
626582 384850 1316268808390 0 1 True
958110 677667 1316655590560 6 1 False
958110 500314 1316665657477 6 5 True
894755 211160 1316708919840 5 4 True
315974 922184 1318126283310 1 1 True
762103 997808 1318827470467 0 1 True
297353 951860 1319310621797 1 2 True
1010873 611707 1319469466977 3 1 False
1010873 192896 1319470595750 3 4 True
315974 463412 1319677615620 0 1 True
847601 946686 1321271020080 11 1 False
847601 1046110 1321294366620 11 7 True
495798 75652 1323424759980 32 39 True
607013 639650 1323895060993 6 3 True
1086428 1096429 1324325596393 0 1 True
776473 651856 1324576996853 1 2 True
1144371 1144371 1326395247820 10 9 True
538534 153619 1326720931557 2 2 True
967771 847601 1327493593920 1 2 True
173342 649233 1327691105750 2 0 True
173342 1149664 1327692071147 2 0 False
173342 210211 1327692307233 2 0 False
747544 185171 1328570016730 3 9 True
148668 677004 1328784006927 2 2 False
148668 15416 1328797845527 2 -1 False
148668 153619 1328893155977 2 1 True
148668 333841 1329126746177 5 8 True
930764 415784 1329502219027 0 1 True
189035 941699 1330509721807 11 15 True
189035 185171 1330556647780 1 1 True
189035 189035 1330598380327 1 0 False
233772 233772 1330622770700 15 27 True
189035 941699 1330674449850 2 1 False
189035 442284 1330674468850 2 2 False
189035 374980 1330675572543 2 2 True
189035 147192 1330676941083 2 1 False
1247549 212870 1330836565273 2 2 True
1247549 1247549 1330878486630 2 1 False
189035 153619 1330966788893 0 2 True
377816 951890 1332252198303 0 4 True
1103705 153619 1332779579657 4 9 True
702937 1293589 1332782456163 7 1 False
702937 702937 1332947694210 7 7 True
990744 153619 1332951704040 1 1 True
1068131 34855 1333440803357 2 1 True
1068131 1207195 1333442241327 2 1 False
189035 1265432 1333527508770 -1 1 True
99989 734069 1333574536243 16 16 False
99989 87234 1333574618477 16 9 True
1131067 1299922 1333596276690 2 -1 False
1131067 226814 1333631776060 2 1 False
702937 185171 1333836034963 2 3 True
1097451 25824 1334058193817 1 1 True
1097451 164277 1334058352863 1 6 False
1097451 439599 1334058396893 1 5 False
271376 314290 1334188473247 6 4 True
271376 666785 1334230614030 6 1 False
1106578 34855 1334320142900 4 6 True
1368430 1368430 1336649036867 0 0 True
1144371 1387870 1336674222010 10 2 False
808713 367273 1336768634523 6 5 True
808713 129570 1336768657467 6 2 False
702584 153619 1336985843320 1 1 True
106797 927034 1337368004970 1 1 True
456984 1250772 1337375760380 2 2 False
456984 596781 1337375770260 2 6 True
543700 47453 1337735423847 2 4 True
1097451 819272 1339402864793 14 4 True
1097451 1427924 1339402990743 14 -2 False
1097451 1183123 1339403414847 14 2 False
495798 1466324 1340106740393 32 3 False
189035 1329652 1340319277040 4 2 True
189035 476681 1340604468080 4 2 True
1444573 805659 1340812530187 14 5 False
1444573 44309 1340812608140 14 8 True
1444573 153619 1340886794800 14 3 False
111307 1428702 1340894233167 -5 8 False
111307 272207 1340894307270 -5 6 False
111307 20522 1340894336543 -5 12 False
111307 111307 1340986612153 -5 1 True
1444573 185908 1341120839210 14 2 False
997572 298661 1341152058457 1 4 True
997572 256138 1341152087467 1 3 False
189035 5696 1341171895950 1 1 True
165333 7136 1341930260197 4 1 False
189035 1515218 1341932913193 11 1 False
165333 1040719 1341934560787 4 6 True
165333 165333 1341942552097 4 2 False
1168848 672634 1342603507817 6 8 True
894755 1490355 1343298829143 1 9 False
894755 402169 1343298931197 1 2 False
894755 46642 1343299097737 1 7 True
894755 1502345 1343299794537 1 0 False
894755 1463557 1343301114493 1 2 False
189035 59379 1343509143390 1 3 True
153285 847601 1343643885283 4 0 False
153285 672634 1344157641363 4 3 True
461597 1585363 1344443809190 13 21 False
1131067 1176059 1344923519103 2 1 True
656552 153619 1345214017317 6 13 True
656552 1565342 1345645113953 5 0 False
656552 1557043 1345645545670 5 1 False
656552 793716 1345645551210 5 1 False
656552 672634 1345709776877 5 4 True
1144371 1625809 1345984285670 10 2 False
656552 1641621 1346577619517 5 3 False
744859 2556117 1346719573027 9 1 False
744859 1228449 1346744454857 9 16 True
1649274 1520625 1346858370627 1 1 True
1432320 123530 1347317876110 4 3 True
1631944 672634 1347432005100 0 0 True
390066 1708550 1349995479837 3 5 True
1520625 214473 1350059691110 5 2 True
1132703 701145 1350425993730 3 2 False
390066 672634 1350457186890 5 8 True
390066 672634 1350457868140 0 1 True
936793 672634 1350637197353 10 11 True
601303 1225541 1350810119910 1 2 False
1763030 672634 1350896069423 9 3 True
1132703 1132703 1350901003450 3 2 True
954485 1412808 1351007201413 9 1 False
954485 1641621 1351059111123 9 14 True
1294207 672634 1351104003157 0 1 True
954485 672634 1351441710793 5 1 False
954485 954485 1351547418220 5 4 True
601303 601303 1351747987467 1 1 True
1773316 1774667 1351779719173 3 2 True
1773316 373025 1351780517310 3 0 False
1773316 1741450 1351780600553 3 1 False
1773316 36537 1351781122360 3 0 False
1797414 672634 1352060080907 7 5 True
1368430 219153 1352458884250 0 2 True
219153 51831 1352895079320 1 2 False
219153 1769720 1352901380677 1 2 True
189035 1641621 1352975570960 2 3 True
1435500 1641621 1352975975030 4 3 True
170413 491645 1353001912227 2 2 True
1773316 628838 1353004118453 1 2 True
737640 310068 1353269072257 0 3 True
1259411 143305 1353346310573 0 2 True
776348 261217 1353405031220 0 1 True
611116 1120273 1353536591563 1 1 True
1649274 1261432 1353606513787 5 3 True
1620177 185171 1353705017590 7 6 True
1849221 601303 1353753990643 8 3 True
1680677 33345 1354052317640 0 3 False
1680677 390807 1354052328500 0 3 False
1680677 1680677 1354054598707 0 3 True
1843336 277176 1354569598553 5 7 True
1591992 424556 1354779191623 1 1 False
1452174 1452174 1354781250810 3 5 True
433510 633001 1354810065763 0 2 True
433510 673730 1354828960423 0 2 False
433510 1816548 1354829068927 0 2 False
433510 258483 1354829182413 0 1 True
173342 161554 1354909915050 8 0 False
1591992 1008902 1354986208837 1 3 False
1871183 745903 1355010754893 0 1 True
1871183 1641621 1355040209970 0 7 False
1591992 1641621 1355043433477 1 1 True
173342 1641621 1355045209260 8 10 True
173342 1858132 1355178933897 2 1 True
1333978 215568 1355287521227 2 3 True
1333978 252576 1355287938793 2 1 False
1333978 672634 1355306979937 2 1 False
1591992 888731 1355740515467 1 -1 False
1591992 1641621 1355750744003 1 2 True
664303 1641621 1355993438563 5 5 True
189035 143305 1356483865533 0 4 False
189035 189035 1356487521190 0 2 True
390066 1686769 1356511569020 5 9 False
607013 1523327 1356651447533 6 1 False
1294207 185171 1357174768583 7 12 True
1294207 1085573 1357175431060 7 6 False
209692 1641621 1357205651043 1 4 True
1294207 1641621 1357550291173 2 2 True
375067 625476 1357625750400 2 1 True
189035 985296 1357748167290 0 3 True
189035 1641621 1357843057430 1 6 True
1294207 1294207 1357880093190 1 1 True
1002994 1042159 1357885545847 8 1 False
189035 189035 1358073411080 0 1 False
189035 1952879 1358079250957 1 1 True
189035 153619 1358156869483 1 1 False
1499019 1499019 1359050413123 1 1 True
189035 1641621 1359138493083 0 2 True
189035 1641621 1359194681687 2 3 True
1746785 1746785 1359224308000 1 2 True
871985 1641621 1359306836380 1 3 True
871985 1458030 1359372991527 0 3 False
871985 159834 1359373392347 0 6 True
871985 1641621 1359412239350 2 3 True
871985 1641621 1359412372903 0 2 True
762813 1213227 1359731800310 1 1 False
762813 1641621 1359795694057 1 3 True
1442517 153619 1359981573570 1 1 True
2036891 1865077 1360034501503 1 3 True
2036891 1641621 1360062311260 1 2 False
1520625 189504 1360369583810 5 2 False
1783548 1641621 1360487896883 3 12 True
1783548 256138 1360490836743 3 2 False
43265 2064216 1360843404373 15 16 True
1255016 981959 1360943461363 2 5 True
1097451 150634 1361269426600 9 11 True
369450 43265 1361330750010 1 1 False
369450 1641621 1361348263487 1 3 True
1023798 1641621 1361362987723 1 2 True
1528895 1641621 1361643395970 8 10 True
1008902 1641621 1361712027900 7 9 True
377816 200126 1361816409613 1 0 False
377816 1641621 1361818638147 1 1 False
377816 1850863 1361819686947 1 3 True
225814 1865077 1362065838330 11 6 True
225814 1641621 1362074500847 11 39 False
871985 2019967 1362106090767 0 0 False
871985 1641621 1362126985613 -3 1 True
871985 1641621 1362128111487 0 1 True
871985 1641621 1362214569897 6 5 True
189035 2127798 1362268447297 4 2 False
320369 1641621 1362592916790 2 4 False
320369 320369 1362676150967 2 3 True
871985 1377796 1362966344480 3 2 False
725937 1467309 1363259199667 0 2 False
871985 871985 1363522366977 0 1 True
725937 725937 1363592070457 0 1 True
24874 1737727 1363632431243 3 4 True
24874 24874 1363742061307 3 0 False
871985 1737727 1363795757193 3 7 True
2135453 2135453 1363886816120 4 5 True
2165656 1641621 1364074184277 11 25 True
1931560 1641621 1365095933690 0 2 True
2164563 1762344 1365190674210 4 9 True
2164563 2556117 1365190704937 4 3 False
1890660 1641621 1365359679990 1 8 True
415540 415540 1365640349730 6 6 True
795319 1641621 1365885224230 0 3 True
795319 1139697 1365912458807 1 2 True
795319 1641621 1365969133727 3 6 True
1043187 2282520 1366029062777 2 5 True
415540 1641621 1366219557200 1 2 True
24874 1762344 1366727694407 2 3 True
1682663 2251525 1366731033687 0 0 False
1682663 399317 1366801994103 0 1 True
488517 97160 1367076293190 5 8 False
1087720 2258170 1367255746860 7 1 False
1087720 1310220 1367263344717 7 6 True
1087720 1087720 1367268623923 7 13 False
2064216 1641621 1367275188917 3 3 True
2340002 977066 1367591517270 2 1 True
2340002 666402 1367603582930 2 2 False
1120977 734069 1367908910817 5 3 True
433685 1085573 1368100229060 1 1 True
1615635 965799 1368133454590 7 3 False
1615635 1641621 1368167150440 7 15 True
433685 1641621 1368356446313 0 2 True
2342513 1641621 1368392965590 2 2 True
1615635 1641621 1368596986107 1 2 True
2254018 2148672 1368921461303 2 1 True
2081933 602372 1369688565903 0 0 True
499699 1641621 1369894719900 4 7 True
2340002 1641621 1370005863280 4 4 True
1905669 2423516 1370057823160 0 2 True
2254018 22364 1370094210740 0 1 True
2340002 153285 1370184879160 2 1 True
507288 2135453 1370362486840 2 2 True
2452966 1641621 1370388384557 4 3 True
527302 1641621 1370388687877 1 2 True
2461838 547331 1370608587523 1 5 False
2461838 817778 1370628597137 1 1 True
2461838 547331 1370639929600 1 1 False
2461838 499163 1370687266017 1 3 False
2340002 351984 1370889000410 1 0 False
2340002 2460285 1370889595353 1 3 False
2340002 185171 1370889670363 1 4 True
1294207 1532460 1370931735213 30 32 True
656552 2064216 1370941032803 6 7 False
2037446 672634 1371472595947 3 2 True
189035 185171 1371678630533 2 3 True
2501271 3343 1371730485500 0 0 True
1368430 2517235 1372174696790 0 -1 False
2462841 1317240 1372271751073 0 0 True
1317240 542190 1372414969037 6 10 True
433685 153285 1372518050833 1 1 True
1669328 1641621 1372618268547 0 3 True
2452966 2501271 1372674070533 4 -1 False
2081933 2501271 1372686789390 0 0 False
488517 2501271 1372690465560 2 2 True
1230772 65358 1372782038303 3 6 True
1230772 271376 1372782107750 3 1 False
1230772 56338 1372821124097 1 3 True
43265 2547642 1372871793217 15 33 False
1317240 951757 1373066763080 0 2 True
2407438 2407438 1373473596983 2 1 True
297353 2571404 1373528440417 1 2 False
449215 449215 1373992240690 0 0 False
2138293 1641621 1374075312433 0 3 True
2575705 2417774 1374447814933 6 3 True
2575705 2575705 1374524123943 6 3 False
1018314 1641621 1376123668207 2 1 True
424556 1641621 1376124338927 5 5 True
1127274 1641621 1376125684630 0 1 True
648896 1641621 1377210637490 1 2 True
1121245 1641621 1377553320073 1 1 False
2501271 2733099 1377869507257 0 4 False
2686925 2686925 1377875740517 9 16 True
1686769 1865077 1378860121070 2 3 True
279858 1865077 1379086289657 1 4 True
1849221 148668 1379193679617 8 10 False
1198067 2540407 1379345462267 0 3 True
1294207 1865077 1379376648173 8 8 True
2429335 1865077 1379379277200 3 3 False
2429335 1641621 1379408300897 3 4 True
1580733 1641621 1379661663817 1 2 True
1163093 164925 1380569789477 0 1 True
2658323 1641621 1380620927907 0 0 True
2495287 502950 1380629508947 4 4 True
2495287 1762681 1380751383540 4 4 False
1412059 1436187 1380795406580 0 -1 False
1412059 2588184 1380801991240 0 9 True
2495287 1957265 1380899783867 -1 3 True
2856393 2708138 1381185154283 0 0 True
666057 666057 1381410491200 2 0 False
2340002 476681 1381687316167 0 3 True
2340002 952747 1381687459200 0 2 False
2340002 1329652 1381692698557 0 1 False
2876506 1957265 1381835157740 1 1 False
2876506 2876506 1381935726750 1 1 True
724395 153285 1382091817533 0 2 True
1797414 1641621 1382479970350 3 4 True
2528899 104427 1382816847580 0 0 False
2528899 1641621 1382907235507 0 1 True
1613983 1762344 1382915925577 3 7 True
1988905 185171 1382993445257 1 0 True
1988905 1641621 1382999409160 1 1 False
1613983 1149664 1383004930220 1 3 False
1613983 436560 1383005580070 1 2 False
1613983 1641621 1383231682227 1 2 True
225769 1804599 1383475244420 1 4 True
1613983 2016408 1383639590567 2 0 False
1613983 153285 1383640719737 2 1 True
1613983 1641621 1383641904437 0 1 True
1682663 1641621 1383654454930 0 1 True
2959757 2465073 1383858142447 0 0 True
1615635 1615635 1384023239403 0 0 True
1294207 1429714 1384387848153 30 18 False
5559943 666785 1384552071893 1 0 False
1108888 2192361 1385352931200 15 26 True
3032440 1133179 1385387140353 1 0 False
3032440 1641621 1385390017397 1 1 False
3032440 3032440 1385537705003 1 1 True
1171157 1641621 1385558031900 1 1 True
3054731 2899559 1385924394490 -1 2 True
3054731 1641779 1385974142060 4 5 True
3054731 1641621 1385975349147 4 2 False
3054731 1641621 1386007895620 0 1 True
2764955 1641621 1386148961067 3 1 True
816116 1641621 1386282598237 0 1 True
795319 1641621 1386514268490 0 1 True
795319 1641621 1386514572513 -1 2 True
1797414 1641621 1386750264590 3 4 True
1950672 1641621 1386754410393 2 4 True
776473 148668 1386782394203 1 0 False
289572 1743860 1386796599897 2 3 True
289572 1834147 1386820691310 2 1 False
1754699 3002139 1386864692530 1 0 True
495798 3097951 1386906604343 32 0 False
1754699 1641621 1386971311957 1 0 False
24874 24874 1387403910850 0 1 True
2764955 110379 1387572325493 1 0 True
741262 2682142 1387980363080 2 3 True
3137705 2708138 1388094438223 1 1 True
1798057 1798057 1388142738240 10 3 True
761090 150634 1388593799103 0 4 True
795319 819893 1389081187310 -1 2 False
1988905 19563 1389128878860 1 8 True
547589 1641621 1389216806117 1 5 True
1444573 2909422 1389324321330 14 1 False
1002994 3186043 1389475148713 8 9 True
2876506 2876506 1389614826620 2 3 True
2187211 1641621 1389791427423 13 15 True
958110 1641621 1389878706420 0 1 True
2943562 1458147 1389886022020 3 5 True
500207 3195397 1390024916717 1 0 False
500207 2684539 1390051266203 1 2 True
3090068 1641621 1390066085330 0 0 True
1948038 681865 1390132991943 1 2 True
958110 1641621 1390155768367 0 1 True
1323937 1641621 1390254264260 0 1 True
958110 701092 1390260606720 0 2 True
1433835 1641621 1390427509430 3 11 True
958110 150634 1390436073443 1 1 True
1993101 2319400 1390828358103 1 0 True
1993101 3177439 1390829659860 1 0 False
1256811 2380654 1390904004333 1 0 False
1958327 1641621 1390904743563 2 0 True
1256811 1133179 1390907380457 1 2 False
1256811 1190965 1390907778050 1 1 False
1256811 1324117 1390912478073 1 3 True
1496443 1530508 1390929760207 7 5 False
1496443 1496443 1390936122847 7 13 True
1097451 1641621 1390948341573 11 5 False
1496443 774499 1390950362927 7 8 False
189035 1641621 1391025202797 0 3 True
3252652 1641621 1391083001303 0 0 True
445114 1641621 1391242677503 1 1 True
445114 1641621 1391246541290 18 29 True
445114 1668622 1391248949123 1 0 True
1993101 1993101 1391264537370 1 1 False
445114 1641621 1391265852283 1 4 False
788822 1641621 1391537444853 3 4 True
1345959 1542806 1391751798693 10 3 False
2764955 1641621 1391851282387 2 3 False
1097451 3286823 1391854039087 11 2 False
250777 250777 1391864479850 4 1 True
2764955 1621354 1391872002497 2 3 True
43265 1345959 1392134416080 15 16 False
1051625 233201 1392209951720 8 10 True
3302427 1734710 1392224647107 0 1 True
1993101 1133179 1392286741807 3 6 True
1966226 1641621 1392328470317 8 13 True
189035 3276485 1392659154817 3 4 True
3160612 1641621 1392670400050 0 0 True
1783548 3326451 1392786365340 3 2 False
702937 2138293 1392950179670 2 0 False
2008598 898813 1393237758497 2 6 True
1097451 1097451 1393457077663 11 1 True
2764955 2764955 1393463679283 2 1 True
919747 774499 1393516756837 8 0 False
919747 1641621 1393520236863 8 0 False
2686925 3361661 1393522495633 9 2 False
919747 3275819 1393527061480 8 0 False
919747 2542702 1393579570700 8 4 True
795319 1439166 1393800064313 -1 2 False
978019 1133179 1394013952667 0 1 True
978019 1641621 1394016745437 0 1 False
1345959 1345959 1394022082373 10 13 True
2204441 1641621 1394121618390 1 3 True
461597 2932095 1394477884110 13 0 False
189035 2589776 1394735122473 6 9 True
3422599 1641621 1394876315273 4 5 True
1816078 2686925 1395238027887 0 1 True
636375 1641621 1395387400927 4 1 False
636375 1921136 1395408361153 4 4 True
189035 1641621 1395417608397 1 1 False
189035 253056 1395443322573 1 1 True
316448 316448 1395840692407 0 0 False
316448 3122234 1395841186217 0 1 False
2686925 3465408 1395855048073 9 6 False
2713740 2686925 1396007120443 4 1 True
3190389 681012 1396026608757 1 2 True
3474620 459640 1396061631630 3 6 True
2764955 2764955 1396139514753 10 16 True
38055 625476 1396360450500 10 7 True
3501691 710791 1396726876967 2 7 True
2708138 2708138 1396800581490 1 1 True
293195 1524457 1396840801270 6 6 False
1256811 505088 1396956882877 1 4 True
656552 3511304 1397057736023 5 1 False
316448 3309044 1397107078133 0 3 True
1798057 3511304 1397134903787 10 3 False
1097451 345027 1397830809863 3 1 False
1097451 103167 1397831052163 3 5 True
1816078 493122 1397907806433 2 1 False
1816078 335858 1397907847297 2 5 False
1816078 774499 1397909521070 2 3 True
1771577 1641621 1398329745080 4 6 True
3475712 1641621 1398515472980 2 4 True
293195 1686769 1398945548843 6 2 True
2151205 1496443 1398970617383 3 2 False
2151205 1133179 1398971352670 3 0 False
1920203 3593918 1398974690287 0 0 True
2151205 1641621 1398976016823 3 4 True
1920203 3309044 1399057137257 3 5 True
1613983 3521733 1399169379613 0 1 True
1613983 1641621 1399189326890 -1 1 True
871985 3093378 1399319864550 1 0 False
871985 862231 1399320565607 1 3 True
1889975 206328 1399330566747 5 4 True
871985 3606669 1399352252107 1 1 False
3475712 1641621 1399491227197 4 4 True
1358308 1641621 1399615232607 0 1 True
1849221 641622 1399923889940 8 4 False
1767754 335858 1400003078110 1 2 False
1767754 1133179 1400004864203 1 2 True
1398267 3561741 1400089354917 0 1 True
1304680 2684539 1400586957490 0 1 True
115781 1133179 1400751038047 7 1 False
115781 256138 1400751290533 7 3 False
115781 1641621 1400756158307 7 4 True
1686769 1686769 1400839192013 2 2 True
3482499 2682142 1401016986367 2 1 True
3482499 2676096 1401032745090 0 1 True
3293226 1641621 1401281033817 1 3 True
1294207 1294207 1401421284690 10 17 True
2658323 1918193 1401470512950 2 3 True
773017 1641621 1401472952933 2 2 True
666057 42921 1402154327520 2 1 True
1683404 1462337 1402173221953 4 4 True
1602818 1524511 1402496356707 1 0 False
1602818 2756719 1402496386927 1 1 True
2713740 1641621 1402517580387 0 1 True
1544100 1133179 1402583868863 1 6 True
109525 153619 1402999308253 2 2 True
3303546 3189869 1403622237150 0 0 False
3303546 1641621 1403636041973 0 1 True
2646234 1641621 1403853357293 2 1 True
3772784 3772784 1403999347100 0 0 True
3670482 2007358 1404029413043 1 4 True
3670482 2666289 1404029682030 1 0 False
1613983 1255016 1404117819190 2 1 False
1613983 153619 1404118158043 2 2 True
1613983 1339987 1404177772413 0 2 True
1613983 1294207 1404192247073 0 0 False
1613983 2899559 1404192497440 0 2 True
1613983 1294207 1404348015080 0 1 True
2737994 3802526 1404414189770 1 1 True
995854 143305 1404768621070 1 3 True
1613983 1613983 1404802462760 2 1 True
1136458 1641621 1404907230643 0 1 True
1136458 3821634 1404928173980 0 0 False
1136458 1641621 1404935980027 2 1 True
3059514 2097780 1405255732903 -1 1 True
987773 3093387 1405359921823 -1 4 True
987773 1290634 1405360596870 -1 3 False
3303546 3303546 1405586531827 0 0 False
2378649 143305 1406204715323 4 5 False
2378649 342362 1406227045053 4 7 True
2378649 3874370 1406236755860 4 3 False
1846228 2372759 1406810781343 9 8 True
3319361 1641621 1406839846340 1 1 True
2116425 1641621 1406925159457 4 7 True
841562 3093378 1406984655283 5 3 False
1846228 3093378 1406986502797 9 0 False
1846228 1641621 1407012400667 9 6 True
27943 1417615 1407072171473 6 0 False
27943 153619 1407098176273 6 9 True
1078084 1641621 1407135618263 5 5 True
1078084 2298788 1407141220480 5 0 False
841562 1686769 1407185084590 5 9 True
22781 1686769 1407187362760 2 2 True
369009 2684539 1407325478843 7 5 False
369009 1938163 1407325569070 7 6 True
3689129 2298336 1407339986470 0 0 True
1078084 2756719 1407356336367 2 3 True
3781292 1329652 1407589277203 2 0 True
3689129 2756719 1407613575807 0 1 True
841562 887836 1407848981517 12 4 True
27943 27943 1408200003210 4 10 True
707145 3872855 1408718594920 0 1 True
3968732 3424163 1408738115900 1 -1 True
841562 887836 1409050367333 12 1 False
498519 3190928 1409052929600 3 9 True
954485 1078084 1409322335533 5 3 False
3388482 3388482 1409657726547 0 0 True
3178756 501250 1409939449187 6 7 True
1613983 2756719 1410333767030 2 3 False
1613983 1641621 1410338555107 2 3 True
3178756 153619 1410358407650 2 1 True
1040752 2658323 1410451585330 0 1 True
3302427 1078084 1410631858947 0 0 True
4047718 22781 1410896774893 1 0 True
3588040 105672 1410962903243 2 4 True
3588040 256138 1410963016733 2 2 False
1613983 3344612 1411024693400 1 0 False
1613983 2684539 1411024918223 1 1 False
1613983 1641621 1411025041533 1 1 True
3282469 2380830 1411114952587 4 2 False
3282469 1810521 1411116331847 4 6 True
3302427 153619 1411231913213 2 2 True
1846228 1641621 1411480724030 2 2 True
1040752 2068573 1411487916637 7 1 False
1846228 3760791 1411488074103 2 0 False
1040752 947321 1411489496070 7 1 False
1040752 1641621 1411503993500 7 9 True
995056 253056 1411552313870 0 3 True
2239096 2658323 1411566625670 0 2 True
4082924 4323 1411976085627 13 16 True
4082924 1641621 1411976103723 13 26 False
369009 2684539 1412239201620 0 3 True
1078084 4323 1412915022123 1 4 True
1496443 1061608 1412937829583 7 3 False
1417026 4138889 1413229507863 8 1 False
1445488 209406 1413231050717 1 1 True
1417026 3632829 1413232344237 8 7 True
1417026 3632829 1413292664710 8 2 False
4145455 3309482 1413379779840 1 1 True
4145455 2299414 1413467860717 -1 0 True
4145455 947836 1413467884260 -1 1 False
3093378 1641621 1413789256587 1 3 True
3512600 2412846 1413850356340 0 1 True
4145455 143305 1414157970720 0 1 True
4145455 3309482 1414321858773 0 0 True
4203254 3309482 1414884050670 2 1 True
3093378 479989 1414969364153 3 1 False
3093378 2412846 1415142306650 3 1 True
3093378 241631 1415166158953 0 4 True
4145455 491645 1415521794823 0 9 True
4240332 2451683 1415733373403 0 1 True
419116 901925 1415740835617 1 1 True
4240332 764214 1415806611430 4 4 True
2138293 3093378 1415856951143 1 1 False
2138293 1078084 1415858505667 1 1 False
2138293 1641621 1415867691863 1 5 True
3093378 1641621 1415951409703 3 2 True
3316012 2412846 1416006811663 0 1 True
3093378 3647361 1416159043987 6 5 True
3405291 2098653 1416360406280 0 1 False
3405291 3405291 1416360436347 0 0 True
3405291 3405291 1416577600223 0 0 True
419656 3521733 1416802870060 3 1 True
4288994 251738 1416861955527 7 6 False
4288994 2587908 1416864119540 7 2 False
4288994 3093378 1416870586737 7 0 False
4289998 1641621 1416903673897 2 0 True
4288994 1641621 1416905843700 7 4 True
2713740 2713740 1416943387187 0 0 True
2713740 1641621 1416950655920 1 1 True
2649618 2056772 1417085745783 2 1 True
2003951 1641621 1417591533377 1 3 True
4191722 274460 1417672998663 0 0 True
490850 2854947 1417829349310 2 1 False
419656 3647361 1417902590167 4 7 True
2095383 1641621 1418246894377 3 9 True
3067116 1342082 1418696742613 1 1 True
3067116 3067116 1418772828943 1 1 False
914693 4301306 1418900928570 2 2 True
3712233 1641621 1419429652793 0 1 True
449215 1641621 1419627084863 1 2 True
1433373 560648 1420322477923 1 2 True
38055 3177306 1420468851190 10 2 False
3067116 143305 1420498533250 2 3 True
2761849 1033713 1420916355980 1 3 True
4440672 1641621 1421008136597 0 0 True
1876942 4301306 1421078422657 0 1 True
4385912 3093378 1421173378103 0 0 True
3343569 2379433 1422565142833 0 1 True
488517 148668 1422891226347 2 8 False
3987731 2658323 1423051468967 3 2 True
988975 1641621 1423478927927 0 1 True
1466844 1466844 1423518622667 1 0 True
115781 3093378 1423982688407 1 4 True
115781 4086467 1423995795870 1 3 False
3282469 4576452 1424193711023 4 0 False
1445488 1641621 1424270716827 3 6 True
115781 1641621 1424271797060 0 0 True
2037446 1031204 1424357142667 3 0 False
2116425 1439414 1424420749877 4 5 False
2503729 2899559 1424845523453 4 1 True
3320135 1641621 1424964209863 2 3 True
1360263 1641621 1424964541393 2 6 True
3427580 1392132 1425362709953 1 1 False
3427580 1641621 1425369870283 1 4 True
3557757 3093378 1425509423913 1 2 True
1444073 3526940 1425987517747 0 0 True
3320135 2899559 1425993511293 1 2 True
4094837 951423 1426007581077 1 0 False
4094837 3294441 1426007828737 1 1 True
4094837 1766544 1426010867053 1 0 False
3557757 2899559 1426083827730 1 4 True
3557757 2686925 1426084627847 1 2 False
1525061 656346 1426301857177 1 1 True
4203254 3670482 1426700117457 0 0 True
1991500 1991500 1426814493467 4 0 True
4650049 3959454 1427808540310 0 0 True
4715510 1641621 1427872844133 0 1 True
1876942 1731448 1427892406567 1 2 True
1121245 1703586 1427908001910 1 1 True
2786821 841108 1427981415057 0 3 True
744859 2285520 1428016913250 9 5 False
498519 4761877 1428468138580 3 1 False
2540407 4647583 1428520249753 6 2 False
2540407 2756719 1428520478643 6 12 True
2540407 320726 1428520823860 6 5 False
498519 1752758 1428768699263 3 0 False
4733382 4266707 1428942973940 -2 0 False
4733382 4733382 1428953294053 -2 0 True
2575705 1774667 1429199959980 2 2 True
2575705 2575705 1429258242977 2 1 False
4805325 225205 1429390428467 3 3 True
704329 3154588 1429551063940 10 3 True
3776460 3776460 1429551559780 3 3 True
410867 142434 1429590957873 2 2 True
2317130 2317130 1429718493217 3 2 True
1563292 1149664 1429809489103 3 3 True
1563292 4738414 1429809788273 3 0 False
4746868 2899559 1429809990020 2 1 True
495798 1574779 1429964098613 32 12 False
4840797 4657412 1430241739820 2 4 True
4078222 1218777 1430298742463 0 0 True
255635 2899559 1430326232613 0 0 True
3535719 704329 1430740135540 1 0 True
3427580 2899559 1430897987920 0 2 True
2927685 2927685 1430914470640 2 0 True
3557757 4802227 1430915042043 1 5 True
232735 225205 1430935951017 1 2 True
4746868 225205 1431011470330 1 1 False
2761849 1392008 1431176259070 1 1 True
1342016 4301306 1431213088213 3 2 True
879497 3156750 1431335794967 1 1 True
2322973 2899559 1431407052150 0 3 True
4746868 4746868 1431503208797 1 0 True
2375474 2412846 1431503892413 0 2 False
2375474 2899559 1431505545910 0 1 True
2375474 1499402 1431895908770 3 2 True
4918528 86967 1432089113247 2 4 True
3383404 2899559 1432540417473 0 1 True
2375474 4657412 1432622262467 3 6 True
1810751 2542702 1432822331117 3 3 True
1321925 1435240 1432905836343 0 1 True
4955956 4941222 1432994281020 0 0 True
2165656 2899559 1433098203273 1 1 True
2925896 2925896 1433711547897 0 0 True
3363527 3601397 1433857418303 5 2 True
2451456 2412846 1433884041227 0 2 False
988975 1923699 1434640293710 3 3 True
988975 623046 1435156730737 1 -1 False
3270721 5034140 1435211436320 2 6 True
3270721 1302442 1435213028487 2 1 False
5044899 2899559 1435585768430 2 2 True
988975 2658323 1435593574603 3 5 False
988975 2658323 1435651370683 1 3 True
5064906 2899559 1435732942343 0 0 True
2451456 2899559 1435744342697 0 1 True
1580510 718379 1435748119933 1 3 True
1580510 3491375 1435748331360 1 0 False
1580510 4706785 1435748347333 1 0 False
3677802 2899559 1435838510117 0 1 False
3677802 774499 1435838527170 0 3 True
4750105 4750105 1436210393447 0 0 True
2750396 1152524 1436695001210 3 1 True
1779702 787480 1437057470897 0 1 True
1541314 4029982 1437512933273 6 2 False
1541314 3093378 1437513518803 6 6 True
4723732 350527 1438077673050 3 3 True
4650049 3723423 1438087043463 1 2 True
2375474 2899559 1438150763733 0 2 True
5145229 1641621 1438203940473 1 1 False
5178477 2711403 1438367209540 1 1 False
5178477 5178477 1438525046690 1 3 True
5145229 4651282 1438535793523 1 1 True
4723732 2866898 1438769359750 2 3 True
1332314 678093 1438859734053 1 2 True
2375474 4451432 1439284555670 0 1 False
2375474 2899559 1439292512983 0 4 True
5221403 596781 1439426662000 0 1 True
5226324 321825 1439590153170 0 3 True
2378649 3595382 1439962199023 4 2 False
1087720 192737 1440033048283 7 1 False
4909770 2899559 1440352179060 1 3 True
1281264 2899559 1440434219860 0 1 True
1703586 2899559 1440475087563 3 3 True
1281264 2899559 1440484453450 0 1 True
1686769 2899559 1440662470623 0 3 True
4909770 3093378 1440726872773 1 1 True
1620367 2684539 1440747375957 3 4 False
1620367 2756719 1440747952430 3 7 True
1846228 1281264 1440837514727 9 0 False
1281264 2899559 1440909085123 0 1 True
1164799 143305 1441104952043 0 2 True
2580077 2899559 1441633735547 1 3 True
3968732 1140976 1441771067650 1 1 False
4746868 2899559 1442471113897 0 0 True
4113654 3093378 1442768386790 0 0 True
695312 1641621 1443128200933 1 1 True
1433835 5387236 1443503184107 3 1 False
5386275 3319361 1443514450557 1 0 False
5386275 1641621 1443514469717 1 1 True
4108376 2968864 1443617157843 2 2 True
1525061 2968864 1443617634913 1 1 True
4909770 1953533 1443793595460 1 1 False
369009 2899559 1444288538163 1 0 False
369009 1641621 1444289004983 1 3 True
5087524 943472 1444813339333 0 1 True
3093378 2630666 1444934835433 2 2 True
3093378 3093378 1445195867653 2 2 True
490850 4107031 1445435111743 2 1 True
4257188 4029965 1445538814853 2 1 False
1816316 1641621 1445545286553 0 1 True
4257188 2899559 1445847097197 2 0 True
3454621 3198247 1445942868197 1 1 True
3475712 1641621 1445980696470 11 6 True
1816316 2899559 1446021676530 1 3 True
5497430 2899559 1446026711887 3 1 False
5497430 1641621 1446034096497 3 2 True
4600536 1641621 1446042717170 1 0 True
2627196 1641621 1446451879400 -1 0 True
1670234 1641621 1446461132683 2 2 True
4003077 2899559 1446534476553 1 2 True
3772126 1641621 1446650003163 1 3 True
1332314 1641621 1446715436723 5 4 False
4565947 2899559 1446785429580 0 2 True
5445698 2877058 1446800029220 0 0 True
5445698 3584162 1446800514667 0 0 False
419656 4451432 1446854270747 2 4 True
2501271 908412 1447178074633 0 0 False
1876942 2899559 1447323285273 5 9 True
5553273 1641621 1447325774327 0 1 True
2364295 2899559 1447532805440 2 2 True
4565947 2899559 1447738135680 2 2 True
1395740 3093378 1447868525477 11 14 True
1395740 2899559 1447870730197 11 13 False
4565947 1641621 1447885151443 2 2 False
1395740 2899559 1447949556753 2 4 True
5575598 1641621 1448037663453 0 0 True
1395740 2904322 1448049081770 4 0 False
1395740 1866656 1448049538277 4 5 True
1395740 2674424 1448049831317 4 0 False
1395740 1641621 1448063550290 4 3 False
744859 1771479 1448152141447 9 3 False
5600018 1641621 1448377196327 0 1 False
5600018 2674424 1448377630163 0 1 True
1395740 2899559 1449073162750 1 4 True
1395740 1641621 1449220698017 0 1 True
5363594 2658323 1449243867303 1 0 True
2603886 1641621 1449433986670 1 1 True
1471516 4451432 1449510383670 0 3 True
4265612 4309220 1449660165217 4 6 True
4265612 1641621 1449665613893 4 6 False
5466225 2899559 1449665836090 0 0 True
1816316 1320751 1449850994810 0 2 True
4792585 5121618 1449972044070 3 -2 True
4792585 2899559 1449981323930 3 0 False
1332314 1332314 1450041400383 5 1 True
1332314 2412846 1450041717783 0 1 False
1332314 1641621 1450090497400 0 1 True
3204250 2899559 1450239846383 2 3 True
1615094 3935325 1450548494560 0 1 True
1615094 3935325 1450550191497 0 2 True
1615094 2899559 1450553124340 0 5 False
1540547 2899559 1450798657543 0 1 False
1540547 1641621 1450814629523 0 2 True
3204250 2899559 1451403817853 1 2 True
2070148 158259 1451581263943 2 2 True
1686769 5095886 1452124355117 0 3 False
1911722 2899559 1452156626533 1 1 True
3419427 771073 1452253226690 0 1 True
3964522 1641621 1452288196510 1 5 True
1911722 596781 1452442070767 0 2 True
1798057 5771965 1452490101523 10 3 False
1395740 3309044 1452630998367 1 1 True
5466225 1641621 1452638326717 0 1 True
1332314 1641621 1452758682373 0 1 True
5466225 718526 1452770869137 1 4 True
4733382 4770166 1452803593127 -2 0 False
1135394 2899559 1453284019030 0 2 True
1135394 1757805 1453612111560 0 1 False
1135394 1135394 1453626520193 0 0 True
293195 2427302 1454026975553 6 4 False
488517 5765904 1454090594353 2 0 False
2737994 4770166 1454345576013 1 2 False
2139502 2079934 1454426236930 0 1 True
1541314 3926689 1454482999373 6 4 False
498437 1641621 1454580238837 1 2 True
1435500 3093378 1454695627197 6 8 True
1694758 2899559 1454956162810 0 1 True
1615094 2899559 1455000662710 0 2 True
284529 2684539 1455223733820 0 2 True
3320135 1641621 1455570312883 1 1 True
1612986 2412846 1455729796357 0 3 True
2131563 1918996 1455871812683 2 1 True
688080 1319998 1456179236283 2 1 True
5559943 2498188 1456318905190 1 1 True
5597960 2809097 1456354187593 0 0 True
4160252 1641621 1456387043870 1 0 False
4852784 5502206 1456387446870 6 2 False
4160252 5980332 1456403073317 1 1 True
4852784 1641621 1456426683390 6 2 False
4852784 909565 1456430029063 6 5 True
5569565 480937 1456433049137 1 1 True
2734140 2810883 1456451325650 1 1 True
5122320 1641621 1456523572467 2 3 True
2734140 2734140 1456545959823 1 0 False
5970697 2296458 1456690702120 1 0 True
2713740 2412846 1456697175780 3 6 True
2713740 1641621 1456728622207 3 6 False
2134916 1641621 1457080849423 0 2 True
2316066 1641621 1457081256673 0 0 True
5588384 1641621 1457126293390 1 2 True
5588384 4770166 1457280236477 1 2 True
5588384 3357481 1457280843097 1 0 False
6009185 1641621 1458147178123 -2 1 True
324204 1641621 1458334809763 3 2 True
3540196 3072225 1458373056520 0 1 True
6092811 1345455 1458667112420 0 2 False
5507558 2707697 1458810393197 1 0 False
5507558 5980332 1458992953317 1 0 True
1995263 1641621 1459088612183 0 1 True
6092811 2899559 1459098579093 0 0 True
2178841 4821282 1459302251520 0 1 True
1798057 6131248 1459453596357 10 3 False
3183330 2899559 1459664204280 0 3 True
6117107 4451432 1459789464210 -1 0 True
1047213 2899559 1459837832450 1 3 True
6087999 1673574 1459923291897 0 2 True
1561141 2899559 1459925270297 0 2 True
1763680 657390 1460545655250 2 3 True
4750379 6183448 1460579776510 0 0 True
4750379 3183610 1460580523030 0 2 False
5879326 1641621 1460667173587 1 1 True
5231637 5293624 1460778904073 0 0 False
5231637 1641621 1460814076590 0 2 True
5540794 2899559 1461087838980 1 4 True
419656 2171046 1461227602733 2 0 False
5585502 6022656 1461517558653 0 5 True
5585502 3910671 1461518007940 0 1 False
5231637 2899559 1461614249910 4 6 True
3097263 1641621 1462047348407 3 3 True
5836291 4446078 1462206307180 -1 0 False
5836291 2189130 1462206765710 -1 1 True
2935352 2899559 1462347480757 0 0 True
1786117 6183448 1462367929467 1 2 True
1229656 1641621 1463051302447 3 4 True
15485 5836291 1463084430660 3 2 True
2941914 2941914 1463221843173 0 1 True
6322262 666785 1463232745367 0 1 False
6322262 1641621 1463263319030 0 0 True
3055219 1641621 1463264372583 0 3 True
1521241 493106 1463274974213 0 0 True
332578 299924 1463589968523 2 3 True
332578 341994 1463589984617 2 2 False
6358072 5836291 1463702940940 1 0 True
449298 898348 1463755279690 3 6 True
449298 3233921 1463756597870 3 6 False
6370663 2899559 1464003978597 4 2 True
3128796 5836291 1464383332593 2 3 False
847601 3236465 1464400160777 11 0 False
3128796 5836291 1464444013827 -1 0 True
6404750 3574081 1464710121733 0 0 True
3632556 3309044 1464876243327 3 12 True
3055219 5836291 1464877371517 0 1 True
3817210 1641621 1464954730923 0 2 True
737971 1957265 1464956684623 0 0 True
10654 1829943 1465220334847 35 0 False
10654 1957265 1465220408233 35 13 True
10654 1641621 1465222697330 35 13 False
10654 3233921 1465228557527 35 4 False
6404750 3309044 1465312168890 0 2 True
193789 1641621 1465333015880 3 4 True
193789 193789 1465391919123 3 0 False
6451056 1957265 1465581416830 0 1 True
2657641 1023390 1465728150527 3 4 True
3055219 1957265 1466092563507 4 4 False
3055219 1641621 1466107967690 4 5 True
826938 3852968 1466162641220 1 3 True
4184412 1957265 1466395522760 6 1 True
2131563 2899559 1466420665120 0 2 True
2542702 1641621 1467203266480 1 3 True
3128796 2099989 1467263438190 2 5 True
4918528 2099989 1467265444147 2 1 False
2340002 5046896 1467431265150 2 0 False
5046896 3897333 1467466896473 1 0 False
5046896 3309790 1467466958737 1 0 True
5046896 1957265 1467548409173 0 1 True
5196035 5196035 1467748288867 1 1 True
6243043 1641621 1468046092260 0 1 True
4480180 2899559 1468316779800 0 2 True
4480180 1641621 1468330751493 2 0 True
6575951 1957265 1468330998593 0 1 True
692456 1957265 1468379257737 0 1 True
672950 1957265 1468410878283 0 2 True
6575951 1957265 1468477688640 1 0 True
4480180 1957265 1468483204610 0 2 True
6103040 1957265 1468684875743 0 2 True
2523394 1957265 1468935290480 1 3 True
2523394 1641621 1468937632820 1 3 False
2608793 1957265 1468998905563 2 2 True
2608793 1641621 1468999690863 2 2 False
3787151 1957265 1469038448873 0 1 True
1612986 1957265 1469112349530 0 2 True
1206117 1641621 1469135886440 0 1 True
4877550 1957265 1469177249983 0 2 True
5046896 1957265 1469287559757 2 2 True
6631411 1957265 1469364865910 0 1 True
5046896 463827 1469550648057 1 3 True
5800979 1957265 1469603571997 1 1 True
5518304 1957265 1469720971630 2 3 True
5148356 2079934 1470218927397 1 2 True
4960563 1255016 1470229095310 3 3 False
4960563 2899559 1470229692523 3 4 True
4960563 3484761 1470231001610 3 2 False
4613815 1641621 1470258866473 5 5 True
1670234 2899559 1470563532623 2 1 True
1086644 6423238 1470697639497 4 -2 False
1086644 2899559 1470722759250 4 5 True
879607 2079934 1470730932493 2 1 True
5046896 711499 1470840949450 1 1 False
5046896 5215038 1470846560807 1 1 True
879607 1641621 1471216108557 2 0 False
6664393 1848578 1471659280407 4 2 True
3833261 71141 1471663756440 2 2 False
3833261 1080538 1471663774103 2 2 True
4160393 5282154 1472015838207 0 -2 False
4160393 1641621 1472024439930 0 2 True
3677630 3495086 1472025480853 0 1 False
3677630 1641621 1472026085353 0 1 False
3677630 2899559 1472026333420 0 1 True
354722 734069 1472074925657 7 5 True
354722 1641621 1472076600107 7 3 False
4792585 6664393 1472129992963 3 9 False
1294207 1307237 1472182045543 30 9 False
6664393 2992101 1472311478433 0 1 True
5046896 1641621 1472416147790 1 3 True
841562 461597 1472601440020 5 1 False
1865939 1641621 1473149515367 1 1 True
4122660 2899559 1473153105447 0 3 True
3850858 6750410 1473253464230 4 1 False
3850858 1865939 1473263759463 4 3 True
6806805 4891738 1473292700597 -1 2 True
410867 410867 1473949214517 -1 0 True
6172390 4117097 1474074492583 0 0 True
6184058 1641621 1474140325013 4 1 True
6664393 2899559 1474275219700 0 1 True
6370663 1641621 1474475130120 0 2 True
4718398 6870253 1474799297890 0 0 False
465139 6870253 1474833723440 1 1 True
465139 465139 1474868255137 1 0 False
2534356 6870253 1474908657847 0 2 True
6243043 2899559 1474975376383 2 1 True
2651079 6870253 1474986890857 1 2 True
1520625 2899559 1475060146793 5 2 False
3975218 6870253 1475099569087 0 2 True
1086644 3310281 1475377266757 0 1 True
2251769 2251769 1475407353207 1 1 True
6872237 6872237 1475509841773 1 2 True
6243043 2412846 1475521617767 2 1 False
6243043 1641621 1475523251993 2 2 False
4402282 1641621 1475526521827 0 2 True
1810751 3109945 1475603076807 3 0 False
1789758 3799448 1475611355730 0 0 False
1789758 1641621 1475615846227 0 2 True
6243043 1317944 1475691273783 1 0 True
6920211 1641621 1475738257657 0 0 True
6243043 6243043 1475768044850 2 0 True
2515622 6870253 1476022884617 0 0 True
5507558 6736794 1476083770147 1 0 False
6409620 1641621 1476213123683 0 1 True
2251769 3309044 1476236534670 1 2 False
3093378 1641621 1476342955387 4 4 True
3093378 2899559 1476343590030 4 2 False
2658323 3233921 1476451294983 1 0 True
3417036 6870253 1476458667273 0 0 True
3417036 2658323 1476458681447 0 0 False
3417036 1641621 1476468269620 0 1 False
1603817 6870253 1476560248807 1 2 True
1603817 1603817 1476585016017 1 0 False
3363910 6870253 1476707576830 1 1 True
4531460 224132 1476733768907 -1 2 True
3782963 2899559 1476769835380 0 2 True
4804204 6870253 1476806864270 0 3 True
3294195 2899559 1476811728800 0 2 True
1612986 6870253 1476906140727 0 1 True
4804204 1641621 1477128135620 1 2 True
1474847 6870253 1477250309593 7 1 True
5862234 6870253 1477313615283 2 2 True
1988905 1641621 1477332752187 0 2 True
4718398 5538913 1477510119570 0 1 True
495798 857119 1477512376873 32 0 False
7075689 6870253 1477520248393 1 0 True
3093378 1774667 1477598547817 2 5 True
3093378 2412846 1477598724497 2 4 False
7083110 1641621 1477657523223 0 0 True
2131200 6870253 1478270310573 0 1 True
2340002 6950511 1478283710690 4 1 False
5453417 1641621 1478382611183 1 1 True
3294195 2899559 1478436726467 0 2 True
2302877 1866656 1478515507703 1 2 True
2133332 3309044 1478668348463 1 1 True
6361813 6361813 1478712991377 2 2 True
6361813 306257 1478889186590 2 0 False
4882179 1641621 1478983148790 0 0 True
1599766 2899559 1479023946063 1 1 True
7126955 2899559 1479156005333 0 0 True
2658323 1641621 1479242083847 1 1 True
3294195 1641621 1479414940543 1 3 True
7176743 2899559 1479454931447 1 2 False
7176743 1641621 1479462368580 1 2 True
3294195 2899559 1479630528930 0 3 True
2047359 2047359 1479904631277 1 0 True
3244166 1641621 1480085137207 6 2 True
6160190 4068296 1480366369180 0 1 True
6160190 2899559 1480401055467 0 0 False
4286947 2015579 1480421260643 0 2 True
7036514 1641621 1480580011483 1 1 True
761090 1641621 1480693681833 1 2 True
991703 3309044 1480904402537 2 1 True
6019454 6870253 1480960296950 0 0 True
2523394 2899559 1481020574310 0 2 True
3282469 4370886 1481047113097 4 0 False
7206716 794424 1481053784760 1 0 False
7206716 6870253 1481053815640 1 2 True
1964853 1641621 1481188787537 0 0 True
2761849 2761849 1481216869233 0 0 True
7267149 1641621 1481224596643 2 0 True
1762681 6870253 1481280041963 0 2 True
7277003 6870253 1481397411113 1 1 True
207661 1641621 1481466476977 2 4 True
2109064 3613500 1481624367760 0 2 False
2109064 496161 1481624383607 0 3 True
115781 4069571 1481631555500 7 8 False
7299694 1641621 1481789806703 0 0 True
7238734 6216811 1482001709053 0 2 True
7238734 2394541 1482018700237 0 0 False
7329878 1641621 1482423066937 5 2 True
6103040 2525396 1482906269437 0 1 True
3785280 1641621 1483002750193 0 1 True
1168848 148668 1483032830590 6 1 False
7348942 6870253 1483049447303 1 0 True
3475248 6870253 1483192154053 1 0 True
2138293 6870253 1483370171997 1 2 True
1317240 7369935 1483454573260 6 1 False
2654527 1641621 1483649670020 1 2 True
1267833 1641621 1483730315243 0 2 True
1267833 6870253 1483967854913 1 1 True
5716954 1641621 1484036118450 2 3 True
4750379 7400625 1484068741340 0 0 False
5174940 6870253 1484142639187 1 2 True
5770664 1641621 1484167047247 0 0 True
664303 1021915 1484185266687 1 0 False
664303 251153 1484189461833 1 5 True
4069571 6216474 1484205668557 1 3 True
1150961 1150961 1484646954343 1 0 True
3303546 3303546 1484770756863 0 1 True
1306261 1306261 1484935901277 2 1 False
1306261 6870253 1484989997313 2 3 True
7427048 7427048 1485167496757 0 0 True
7465838 985043 1485290734957 3 0 False
7465838 509868 1485290774860 3 1 False
7465838 670206 1485290924607 3 3 True
1615094 1641621 1485417952403 0 3 True
4053422 4443423 1485418159153 -1 2 False
4053422 4053422 1485423290370 -1 0 True
7465838 1641621 1485463587913 0 2 False
6872237 6870253 1485481640567 2 4 True
7465838 6870253 1485599359033 0 1 True
7427048 1641621 1485781741047 0 1 True
1306261 5114342 1485794989290 0 0 True
7440094 6870253 1485850019083 0 1 True
7465838 1133179 1485884018500 0 2 True
4122660 2630666 1486052546727 -1 3 True
4122660 5422980 1486052569953 -1 3 False
7465838 2441656 1486231594437 0 4 True
6872237 1641621 1486277429493 2 2 True
6872237 1641621 1486310014893 0 2 True
4122660 3659268 1486669347933 0 2 True
4122660 5210526 1486669501067 0 1 False
6415153 1641621 1486675925060 0 1 True
5992345 7444219 1486693125577 1 0 True
7538390 1080929 1486709445263 0 1 True
7538390 7538390 1486749364627 0 0 False
737640 3205529 1487036856470 0 0 False
6587970 6587970 1487340795867 0 0 True
1680677 3022712 1487374675773 0 0 False
1267833 1641621 1487689548300 0 1 True
3875310 2899559 1487706179950 1 5 True
3875310 7554433 1487706411340 1 0 False
3875310 1774667 1487706781797 1 0 False
1218408 1774667 1487712914960 5 3 True
3834 1641621 1487922809757 0 1 True
2412846 1641621 1487956438367 7 11 True
1267833 1641621 1487958215167 1 2 True
939588 939588 1488106270313 0 0 True
3834 2899559 1488189137543 0 1 False
4402282 3659268 1488302377150 1 2 True
4357210 1345455 1488473983753 0 4 True
3834 3834 1488503466177 0 0 True
4066272 1641621 1488573506073 3 2 True
7668801 793519 1488835363777 1 0 False
7668801 1641621 1488835941637 1 1 True
3834 2899559 1488871307230 -1 3 False
3834 4635537 1488871377960 -1 3 True
3834 1641621 1488880890380 0 1 True
7091382 1641621 1489263537650 0 0 True
4953963 7621674 1489320267820 1 1 True
5997808 1191041 1489572333083 1 1 True
6928142 7342646 1489584610757 2 0 False
6928142 5451259 1489585481777 2 3 True
7427048 1641621 1489654326283 0 1 True
3834 1641621 1489655655590 2 2 True
7569429 1641621 1489655888143 2 1 True
2486214 623046 1489744608167 1 1 True
396803 6870253 1489770665793 1 1 True
7418242 143305 1489924045373 0 5 True
6415153 6415153 1490001349170 0 0 True
5770664 1782465 1490012945610 1 1 True
7494974 4323 1490018921437 -1 2 True
6928142 5451259 1490127447477 3 4 True
6928142 1641621 1490170250927 3 2 False
2375474 7754615 1490239429673 3 0 False
2253240 1686769 1490287608757 0 2 True
7700802 1132871 1490302635977 0 2 True
7758778 1132871 1490308245797 1 2 True
5588384 3909810 1490873698543 1 0 False
7790827 681865 1490896027837 0 2 True
7184235 1641621 1490905029093 0 1 True
2654527 1641621 1490905220457 1 4 True
276168 1641621 1490990356513 2 2 True
5453417 1641621 1491028950093 0 2 True
1360263 1360263 1491144939170 2 3 True
767664 7328782 1491164589113 0 2 True
7700802 5231607 1491236313633 1 1 True
7758778 7758778 1491267978997 0 0 False
7758778 3310272 1491269158097 0 0 False
7811646 1427563 1491274613640 2 0 False
7811646 5451259 1491274958207 2 1 True
7811646 1641621 1491295180850 2 1 False
7758778 1641621 1491295312317 0 2 True
7789992 7789992 1491313934827 0 0 True
6730448 6870253 1491618281530 0 1 True
4480180 6870253 1491728266343 0 1 True
5199222 6870253 1491981611603 0 2 True
4524755 1345455 1492037279493 0 3 True
3022712 6870253 1492196280683 2 2 True
3022712 6870253 1492337104530 1 2 True
5576627 6870253 1492452858623 0 2 True
7635052 3204484 1492619699743 0 1 True
4602272 1944004 1492739400330 -1 1 True
1798057 767664 1492899663870 10 0 False
5989988 6870253 1493109089397 0 1 True
7163293 6870253 1493109954160 6 1 True
7179905 2610810 1493307543203 1 4 True
3022712 1641621 1493795580777 0 0 True
1525945 1525945 1493830742293 0 0 True
3449273 3449273 1493994495830 1 0 True
6101419 7621674 1494085815603 2 4 True
7511696 182660 1494373563363 0 1 True
3964522 5925642 1494472448420 1 0 False
2198731 6870253 1494604348987 0 2 True
5770664 6870253 1494854841340 0 2 True
7502521 992489 1494868492533 0 1 True
7439939 1641621 1494935000423 0 0 True
6415153 1641621 1494935289563 0 0 True
4602272 6870253 1495100714057 0 1 True
3419427 27943 1495141648643 0 0 False
1308854 6870253 1495185526513 0 1 True
1911722 6870253 1495267781273 0 2 True
7942505 1641621 1495352535927 1 2 False
7942505 2521214 1495356060823 1 1 True
7746056 4763489 1495466502540 1 4 True
7479376 6870253 1495559534620 0 0 True
1353542 6870253 1495606446457 3 3 True
6367131 1937197 1495998619617 1 2 True
4560383 1944004 1496277443887 0 0 True
1308854 1944004 1496278298257 0 0 False
1521241 2899559 1496302115637 0 0 True
6213418 992489 1496347000960 1 0 True
5819023 1641621 1496441468427 0 0 True
828279 1757805 1496533174593 2 0 False
1613983 170413 1496564081207 3 0 False
828279 6870253 1496674208383 2 1 True
4859499 501250 1496688837223 0 3 True
8014852 3713547 1496691253653 1 5 True
317331 8117498 1496725202160 4 1 False
828279 6870253 1496766741367 1 2 True
189897 6870253 1496770419113 1 1 True
8014852 6870253 1496771009840 1 0 False
3427580 1641621 1496822177637 2 3 True
1798057 2127774 1496915031707 10 0 False
547589 8130884 1496933094737 1 0 False
2057232 1641621 1497337766110 0 1 True
2091453 2091453 1497358616573 1 1 True
7654245 1417063 1497716301313 -1 1 True
1294207 673137 1497773829963 30 0 False
673137 8182657 1497879015293 0 2 True
8137281 8137281 1497922986473 0 0 True
7443737 2899559 1497956712153 3 4 False
7443737 6870253 1497956840873 3 4 True
5775429 1944004 1498003236143 1 2 True
4082924 6239104 1498062534750 13 1 False
7443737 1641621 1498078353200 0 1 True
5600018 6207143 1498211941743 0 0 False
265521 366904 1498496702870 0 2 True
7621674 1641621 1498555002900 1 1 True
2764955 7621674 1498563267167 10 1 False
3427580 1641621 1498638489283 3 3 True
7621674 7621674 1498640555817 1 1 False
8218075 1641621 1498947045393 0 2 True
3363910 4990342 1498962522057 1 0 False
1267833 1944004 1499035371633 0 2 True
2218880 4124855 1499100689680 0 0 True
8168385 1055118 1499351259697 0 0 True
4524755 143305 1499691066793 0 0 True
43265 5625639 1499861344537 15 0 False
5572577 8009379 1499975918893 0 1 True
1876627 6870253 1500294775547 0 2 True
5634409 6870253 1500577320640 3 3 True
3048255 4323 1500609710583 2 2 True
6664393 6664393 1500644486510 0 3 True
6664393 2630666 1500650187337 0 0 False
1099854 1641621 1500757659053 3 4 True
1099854 673137 1500816582490 3 1 False
8370308 2102925 1501097329653 0 1 True
8370308 673137 1501162536277 1 0 True
2340918 4342498 1501242227957 2 1 False
2340918 1641621 1501242867670 2 2 True
1974185 2320035 1501245440877 20 12 False
2340918 6870253 1501254342047 2 1 False
3789879 6870253 1501254924550 0 1 True
1974185 6870253 1501256362940 20 8 True
6771484 2229099 1501267249650 -2 2 True
6771484 5387904 1501277070363 -2 0 False
6664393 4943844 1501489587270 9 4 True
3610381 6870253 1501713885317 0 0 True
8297071 1896918 1501881927633 1 0 False
8035809 1641621 1502001412253 0 1 True
8297071 1641621 1502002591970 1 0 False
2761849 4523769 1502226180933 1 1 False
1876627 1876627 1502364152047 0 0 True
6771484 2949645 1502382512030 1 4 True
6771484 6870253 1502382674533 1 3 False
2340918 6870253 1502383331873 0 2 True
6872237 6872237 1502398340487 0 0 True
6872237 6870136 1502408555353 0 1 False
6872237 6870253 1502626533897 0 1 True
7550404 445296 1502654282367 1 0 True
6872237 6870253 1502664249077 1 3 True
7550404 16406 1502672056370 1 0 False
2646505 3093378 1502894721580 2 6 True
1349525 1641621 1502905040493 0 2 True
8464647 8464647 1502908354850 2 0 True
8297071 8297071 1503023884987 1 0 True
5674719 5674719 1503405317383 0 0 True
8371092 3013887 1503651603043 1 2 True
1146110 143305 1503658952067 0 2 True
2235936 7382759 1503727718477 1 2 True
