111307 111307 2010-08-14T16:27:42.773 4
427252 316382 2010-11-14T22:12:57.087 3
5334 491591 2010-12-10T15:13:11.980 2
230270 498253 2011-01-03T14:24:32.593 -1
137529 524436 2011-01-12T09:53:09.130 2
642690 614363 2011-03-27T13:49:18.683 9
701008 24283 2011-04-10T20:21:09.247 36
297353 353410 2011-04-19T21:53:03.907 1
437283 437283 2011-06-07T17:40:50.130 1
317331 496684 2011-06-18T21:23:30.967 0
498437 513598 2011-07-16T03:37:37.873 8
498437 498437 2011-07-18T21:44:43.080 0
452830 452830 2011-08-16T16:31:43.410 2
894755 153619 2011-08-25T01:03:21.987 3
586938 161144 2011-08-25T12:59:47.133 1
875792 875792 2011-09-01T15:46:01.067 0
626582 384850 2011-09-17T14:13:28.390 1
958110 500314 2011-09-22T04:27:37.477 5
894755 211160 2011-09-22T16:28:39.840 4
315974 922184 2011-10-09T02:11:23.310 1
762103 997808 2011-10-17T04:57:50.467 1
1010873 192896 2011-10-24T15:36:35.750 4
315974 463412 2011-10-27T01:06:55.620 1
1086428 1096429 2011-12-19T20:13:16.393 1
538534 153619 2012-01-16T13:35:31.557 2
967771 847601 2012-01-25T12:13:13.920 2
173342 210211 2012-01-27T19:25:07.233 0
747544 185171 2012-02-06T23:13:36.730 9
148668 153619 2012-02-10T16:59:15.977 1
148668 333841 2012-02-13T09:52:26.177 8
930764 415784 2012-02-17T18:10:19.027 1
189035 189035 2012-03-01T10:39:40.327 0
233772 233772 2012-03-01T17:26:10.700 27
189035 147192 2012-03-02T08:29:01.083 1
1247549 1247549 2012-03-04T16:28:06.630 1
189035 153619 2012-03-05T16:59:48.893 2
377816 951890 2012-03-20T14:03:18.303 4
1103705 153619 2012-03-26T16:32:59.657 9
702937 702937 2012-03-28T15:14:54.210 7
990744 153619 2012-03-28T16:21:44.040 1
1068131 1207195 2012-04-03T08:37:21.327 1
189035 1265432 2012-04-04T08:18:28.770 1
99989 87234 2012-04-04T21:23:38.477 9
1097451 439599 2012-04-10T11:46:36.893 5
271376 666785 2012-04-12T11:36:54.030 1
1106578 34855 2012-04-13T12:29:02.900 6
1368430 1368430 2012-05-10T11:23:56.867 0
808713 129570 2012-05-11T20:37:37.467 2
702584 153619 2012-05-14T08:57:23.320 1
106797 927034 2012-05-18T19:06:44.970 1
456984 596781 2012-05-18T21:16:10.260 6
543700 47453 2012-05-23T01:10:23.847 4
1097451 1183123 2012-06-11T08:30:14.847 2
189035 1329652 2012-06-21T22:54:37.040 2
111307 111307 2012-06-29T16:16:52.153 1
997572 256138 2012-07-01T14:14:47.467 3
189035 5696 2012-07-01T19:44:55.950 1
189035 1515218 2012-07-10T15:08:33.193 1
165333 165333 2012-07-10T17:49:12.097 2
894755 1463557 2012-07-26T11:11:54.493 2
189035 59379 2012-07-28T20:59:03.390 3
153285 672634 2012-08-05T09:07:21.363 3
1131067 1176059 2012-08-14T05:51:59.103 1
1144371 1625809 2012-08-26T12:31:25.670 2
1649274 1520625 2012-09-05T15:19:30.627 1
1432320 123530 2012-09-10T22:57:56.110 3
1631944 672634 2012-09-12T06:40:05.100 0
390066 1708550 2012-10-11T22:44:39.837 5
390066 672634 2012-10-17T07:11:08.140 1
936793 672634 2012-10-19T08:59:57.353 11
1763030 672634 2012-10-22T08:54:29.423 3
1132703 1132703 2012-10-22T10:16:43.450 2
954485 1641621 2012-10-24T06:11:51.123 14
1294207 672634 2012-10-24T18:40:03.157 1
601303 601303 2012-11-01T05:33:07.467 1
1773316 36537 2012-11-01T14:45:22.360 0
1797414 672634 2012-11-04T20:14:40.907 5
219153 1769720 2012-11-14T13:56:20.677 2
189035 1641621 2012-11-15T10:32:50.960 3
1435500 1641621 2012-11-15T10:39:35.030 3
170413 491645 2012-11-15T17:51:52.227 2
1773316 628838 2012-11-15T18:28:38.453 2
1259411 143305 2012-11-19T17:31:50.573 2
776348 261217 2012-11-20T09:50:31.220 1
611116 1120273 2012-11-21T22:23:11.563 1
1649274 1261432 2012-11-22T17:48:33.787 3
1620177 185171 2012-11-23T21:10:17.590 6
1843336 277176 2012-12-03T21:19:58.553 7
1452174 1452174 2012-12-06T08:07:30.810 5
433510 633001 2012-12-06T16:07:45.763 2
433510 258483 2012-12-06T21:26:22.413 1
1871183 1641621 2012-12-09T08:03:29.970 7
1591992 1641621 2012-12-09T08:57:13.477 1
173342 1641621 2012-12-09T09:26:49.260 10
173342 1858132 2012-12-10T22:35:33.897 1
1333978 672634 2012-12-12T10:09:39.937 1
1591992 1641621 2012-12-17T13:25:44.003 2
664303 1641621 2012-12-20T08:50:38.563 5
189035 189035 2012-12-26T02:05:21.190 2
390066 1686769 2012-12-26T08:46:09.020 9
607013 1523327 2012-12-27T23:37:27.533 1
1294207 1085573 2013-01-03T01:10:31.060 6
209692 1641621 2013-01-03T09:34:11.043 4
1294207 1641621 2013-01-07T09:18:11.173 2
375067 625476 2013-01-08T06:15:50.400 1
189035 1641621 2013-01-10T18:37:37.430 6
1294207 1294207 2013-01-11T04:54:53.190 1
189035 189035 2013-01-13T10:36:51.080 1
189035 153619 2013-01-14T09:47:49.483 1
1499019 1499019 2013-01-24T18:00:13.123 1
189035 1641621 2013-01-25T18:28:13.083 2
189035 1641621 2013-01-26T10:04:41.687 3
1746785 1746785 2013-01-26T18:18:28.000 2
871985 1641621 2013-01-27T17:13:56.380 3
871985 159834 2013-01-28T11:43:12.347 6
871985 1641621 2013-01-28T22:30:39.350 3
871985 1641621 2013-01-28T22:32:52.903 2
762813 1641621 2013-02-02T09:01:34.057 3
1442517 153619 2013-02-04T12:39:33.570 1
2036891 1641621 2013-02-05T11:05:11.260 2
1255016 981959 2013-02-15T15:51:01.363 5
1097451 150634 2013-02-19T10:23:46.600 11
369450 1641621 2013-02-20T08:17:43.487 3
1023798 1641621 2013-02-20T12:23:07.723 2
1528895 1641621 2013-02-23T18:16:35.970 10
1008902 1641621 2013-02-24T13:20:27.900 9
377816 1850863 2013-02-25T19:14:46.947 3
225814 1641621 2013-02-28T18:01:40.847 39
871985 1641621 2013-03-01T08:36:25.613 1
871985 1641621 2013-03-01T08:55:11.487 1
871985 1641621 2013-03-02T08:56:09.897 5
189035 2127798 2013-03-02T23:54:07.297 2
320369 320369 2013-03-07T17:09:10.967 3
871985 871985 2013-03-17T12:12:46.977 1
725937 725937 2013-03-18T07:34:30.457 1
24874 24874 2013-03-20T01:14:21.307 0
871985 1737727 2013-03-20T16:09:17.193 7
2135453 2135453 2013-03-21T17:26:56.120 5
2165656 1641621 2013-03-23T21:29:44.277 25
1931560 1641621 2013-04-04T17:18:53.690 2
2164563 2556117 2013-04-05T19:38:24.937 3
1890660 1641621 2013-04-07T18:34:39.990 8
415540 415540 2013-04-11T00:32:29.730 6
795319 1641621 2013-04-13T20:33:44.230 3
795319 1139697 2013-04-14T04:07:38.807 2
795319 1641621 2013-04-14T19:52:13.727 6
1043187 2282520 2013-04-15T12:31:02.777 5
415540 1641621 2013-04-17T17:25:57.200 2
24874 1762344 2013-04-23T14:34:54.407 3
1682663 399317 2013-04-24T11:13:14.103 1
488517 97160 2013-04-27T15:24:53.190 8
2064216 1641621 2013-04-29T22:39:48.917 3
2340002 666402 2013-05-03T17:53:02.930 2
1120977 734069 2013-05-07T06:41:50.817 3
433685 1085573 2013-05-09T11:50:29.060 1
1615635 1641621 2013-05-10T06:25:50.440 15
433685 1641621 2013-05-12T11:00:46.313 2
2342513 1641621 2013-05-12T21:09:25.590 2
1615635 1641621 2013-05-15T05:49:46.107 2
2254018 2148672 2013-05-18T23:57:41.303 1
499699 1641621 2013-05-30T06:18:39.900 7
1905669 2423516 2013-06-01T03:37:03.160 2
2254018 22364 2013-06-01T13:43:30.740 1
507288 2135453 2013-06-04T16:14:46.840 2
527302 1641621 2013-06-04T23:31:27.877 2
2461838 499163 2013-06-08T10:27:46.017 3
2340002 185171 2013-06-10T18:41:10.363 4
656552 2064216 2013-06-11T08:57:12.803 7
189035 185171 2013-06-19T21:50:30.533 3
1368430 2517235 2013-06-25T15:38:16.790 -1
2462841 1317240 2013-06-26T18:35:51.073 0
433685 153285 2013-06-29T15:00:50.833 1
1669328 1641621 2013-06-30T18:51:08.547 3
2452966 2501271 2013-07-01T10:21:10.533 -1
2081933 2501271 2013-07-01T13:53:09.390 0
1230772 271376 2013-07-02T16:21:47.750 1
1230772 56338 2013-07-03T03:12:04.097 3
1317240 951757 2013-07-05T23:26:03.080 2
2407438 2407438 2013-07-10T16:26:36.983 1
297353 2571404 2013-07-11T07:40:40.417 2
449215 449215 2013-07-16T16:30:40.690 0
2138293 1641621 2013-07-17T15:35:12.433 3
2575705 2575705 2013-07-22T20:15:23.943 3
1018314 1641621 2013-08-10T08:34:28.207 1
424556 1641621 2013-08-10T08:45:38.927 5
1127274 1641621 2013-08-10T09:08:04.630 1
648896 1641621 2013-08-22T22:30:37.490 2
1686769 1865077 2013-09-11T00:42:01.070 3
279858 1865077 2013-09-13T15:31:29.657 4
1198067 2540407 2013-09-16T15:31:02.267 3
1294207 1865077 2013-09-17T00:10:48.173 8
2429335 1641621 2013-09-17T08:58:20.897 4
1580733 1641621 2013-09-20T07:21:03.817 2
1163093 164925 2013-09-30T19:36:29.477 1
2658323 1641621 2013-10-01T09:48:47.907 0
2495287 1762681 2013-10-02T22:03:03.540 4
1412059 2588184 2013-10-03T12:06:31.240 9
2495287 1957265 2013-10-04T15:16:23.867 3
2856393 2708138 2013-10-07T22:32:34.283 0
2340002 1329652 2013-10-13T19:31:38.557 1
2876506 2876506 2013-10-16T15:02:06.750 1
724395 153285 2013-10-18T10:23:37.533 2
1797414 1641621 2013-10-22T22:12:50.350 4
2528899 1641621 2013-10-27T20:53:55.507 1
1988905 1641621 2013-10-28T22:30:09.160 1
1613983 1641621 2013-10-31T15:01:22.227 2
225769 1804599 2013-11-03T10:40:44.420 4
1613983 153285 2013-11-05T08:38:39.737 1
1613983 1641621 2013-11-05T08:58:24.437 1
1682663 1641621 2013-11-05T12:27:34.930 1
2959757 2465073 2013-11-07T21:02:22.447 0
1615635 1615635 2013-11-09T18:53:59.403 0
1108888 2192361 2013-11-25T04:15:31.200 26
3032440 3032440 2013-11-27T07:35:05.003 1
1171157 1641621 2013-11-27T13:13:51.900 1
3054731 2899559 2013-12-01T18:59:54.490 2
3054731 1641621 2013-12-02T09:09:09.147 2
3054731 1641621 2013-12-02T18:11:35.620 1
2764955 1641621 2013-12-04T09:22:41.067 1
816116 1641621 2013-12-05T22:29:58.237 1
795319 1641621 2013-12-08T14:51:08.490 1
1797414 1641621 2013-12-11T08:24:24.590 4
1950672 1641621 2013-12-11T09:33:30.393 4
776473 148668 2013-12-11T17:19:54.203 0
289572 1834147 2013-12-12T03:58:11.310 1
1754699 1641621 2013-12-13T21:48:31.957 0
24874 24874 2013-12-18T21:58:30.850 1
2764955 110379 2013-12-20T20:45:25.493 0
741262 2682142 2013-12-25T14:06:03.080 3
3137705 2708138 2013-12-26T21:47:18.223 1
761090 150634 2014-01-01T16:29:59.103 4
1988905 19563 2014-01-07T21:07:58.860 8
1444573 2909422 2014-01-10T03:25:21.330 1
1002994 3186043 2014-01-11T21:19:08.713 9
2876506 2876506 2014-01-13T12:07:06.620 3
2187211 1641621 2014-01-15T13:10:27.423 15
958110 1641621 2014-01-16T13:25:06.420 1
2943562 1458147 2014-01-16T15:27:02.020 5
500207 2684539 2014-01-18T13:21:06.203 2
3090068 1641621 2014-01-18T17:28:05.330 0
1948038 681865 2014-01-19T12:03:11.943 2
958110 1641621 2014-01-19T18:22:48.367 1
1323937 1641621 2014-01-20T21:44:24.260 1
958110 701092 2014-01-20T23:30:06.720 2
958110 150634 2014-01-23T00:14:33.443 1
1958327 1641621 2014-01-28T10:25:43.563 0
1256811 1324117 2014-01-28T12:34:38.073 3
189035 1641621 2014-01-29T19:53:22.797 3
3252652 1641621 2014-01-30T11:56:41.303 0
445114 1641621 2014-02-01T08:17:57.503 1
445114 1641621 2014-02-01T09:22:21.290 29
1993101 1993101 2014-02-01T14:22:17.370 1
445114 1641621 2014-02-01T14:44:12.283 4
788822 1641621 2014-02-04T18:10:44.853 4
250777 250777 2014-02-08T13:01:19.850 1
2764955 1621354 2014-02-08T15:06:42.497 3
1051625 233201 2014-02-12T12:59:11.720 10
3302427 1734710 2014-02-12T17:04:07.107 1
1993101 1133179 2014-02-13T10:19:01.807 6
1966226 1641621 2014-02-13T21:54:30.317 13
189035 3276485 2014-02-17T17:45:54.817 4
3160612 1641621 2014-02-17T20:53:20.050 0
1783548 3326451 2014-02-19T05:06:05.340 2
702937 2138293 2014-02-21T02:36:19.670 0
2008598 898813 2014-02-24T10:29:18.497 6
1097451 1097451 2014-02-26T23:24:37.663 1
2764955 2764955 2014-02-27T01:14:39.283 1
919747 2542702 2014-02-28T09:26:10.700 4
795319 1439166 2014-03-02T22:41:04.313 2
978019 1641621 2014-03-05T10:52:25.437 1
1345959 1345959 2014-03-05T12:21:22.373 13
2204441 1641621 2014-03-06T16:00:18.390 3
461597 2932095 2014-03-10T18:58:04.110 0
189035 2589776 2014-03-13T18:25:22.473 9
3422599 1641621 2014-03-15T09:38:35.273 5
1816078 2686925 2014-03-19T14:07:07.887 1
636375 1921136 2014-03-21T13:26:01.153 4
189035 253056 2014-03-21T23:08:42.573 1
2686925 3465408 2014-03-26T17:30:48.073 6
2713740 2686925 2014-03-28T11:45:20.443 1
3190389 681012 2014-03-28T17:10:08.757 2
3474620 459640 2014-03-29T02:53:51.630 6
3501691 710791 2014-04-05T19:41:16.967 7
2708138 2708138 2014-04-06T16:09:41.490 1
1256811 505088 2014-04-08T11:34:42.877 4
656552 3511304 2014-04-09T15:35:36.023 1
316448 3309044 2014-04-10T05:17:58.133 3
1097451 103167 2014-04-18T14:24:12.163 5
1816078 774499 2014-04-19T12:12:01.070 3
1771577 1641621 2014-04-24T08:55:45.080 6
3475712 1641621 2014-04-26T12:31:12.980 4
1920203 3593918 2014-05-01T20:04:50.287 0
2151205 1641621 2014-05-01T20:26:56.823 4
1920203 3309044 2014-05-02T18:58:57.257 5
1613983 3521733 2014-05-04T02:09:39.613 1
1613983 1641621 2014-05-04T07:42:06.890 1
1889975 206328 2014-05-05T22:56:06.747 4
871985 3606669 2014-05-06T04:57:32.107 1
3475712 1641621 2014-05-07T19:33:47.197 4
1358308 1641621 2014-05-09T06:00:32.607 1
1849221 641622 2014-05-12T19:44:49.940 4
1767754 1133179 2014-05-13T18:14:24.203 2
1398267 3561741 2014-05-14T17:42:34.917 1
1304680 2684539 2014-05-20T11:55:57.490 1
1686769 1686769 2014-05-23T09:59:52.013 2
3482499 2682142 2014-05-25T11:23:06.367 1
3482499 2676096 2014-05-25T15:45:45.090 1
3293226 1641621 2014-05-28T12:43:53.817 3
1294207 1294207 2014-05-30T03:41:24.690 17
2658323 1918193 2014-05-30T17:21:52.950 3
773017 1641621 2014-05-30T18:02:32.933 2
666057 42921 2014-06-07T15:18:47.520 1
1683404 1462337 2014-06-07T20:33:41.953 4
1602818 2756719 2014-06-11T14:19:46.927 1
2713740 1641621 2014-06-11T20:13:00.387 1
1544100 1133179 2014-06-12T14:37:48.863 6
109525 153619 2014-06-17T10:01:48.253 2
2646234 1641621 2014-06-27T07:15:57.293 1
3772784 3772784 2014-06-28T23:49:07.100 0
3670482 2666289 2014-06-29T08:14:42.030 0
1613983 153619 2014-06-30T08:49:18.043 2
1613983 1339987 2014-07-01T01:22:52.413 2
1613983 2899559 2014-07-01T05:28:17.440 2
1613983 1294207 2014-07-03T00:40:15.080 1
995854 143305 2014-07-07T21:30:21.070 3
1613983 1613983 2014-07-08T06:54:22.760 1
1136458 3821634 2014-07-09T17:49:33.980 0
1136458 1641621 2014-07-09T19:59:40.027 1
3059514 2097780 2014-07-13T12:48:52.903 1
987773 1290634 2014-07-14T17:56:36.870 3
3303546 3303546 2014-07-17T08:42:11.827 0
1846228 2372759 2014-07-31T12:46:21.343 8
3319361 1641621 2014-07-31T20:50:46.340 1
27943 153619 2014-08-03T20:36:16.273 9
1078084 2298788 2014-08-04T08:33:40.480 0
22781 1686769 2014-08-04T21:22:42.760 2
369009 1938163 2014-08-06T11:46:09.070 6
3689129 2298336 2014-08-06T15:46:26.470 0
1078084 2756719 2014-08-06T20:18:56.367 3
3781292 1329652 2014-08-09T13:01:17.203 0
3689129 2756719 2014-08-09T19:46:15.807 1
27943 27943 2014-08-16T14:40:03.210 10
707145 3872855 2014-08-22T14:43:14.920 1
841562 887836 2014-08-26T10:52:47.333 1
954485 1078084 2014-08-29T14:25:35.533 3
3388482 3388482 2014-09-02T11:35:26.547 0
3178756 501250 2014-09-05T17:50:49.187 7
1613983 1641621 2014-09-10T08:42:35.107 3
3178756 153619 2014-09-10T14:13:27.650 1
1040752 2658323 2014-09-11T16:06:25.330 1
3302427 1078084 2014-09-13T18:10:58.947 0
4047718 22781 2014-09-16T19:46:14.893 0
3588040 256138 2014-09-17T14:10:16.733 2
1613983 1641621 2014-09-18T07:24:01.533 1
3302427 153619 2014-09-20T16:51:53.213 2
1846228 3760791 2014-09-23T16:01:14.103 0
1040752 1641621 2014-09-23T20:26:33.500 9
995056 253056 2014-09-24T09:51:53.870 3
2239096 2658323 2014-09-24T13:50:25.670 2
369009 2684539 2014-10-02T08:40:01.620 3
1078084 4323 2014-10-10T04:23:42.123 4
1496443 1061608 2014-10-10T10:43:49.583 3
1445488 209406 2014-10-13T20:10:50.717 1
1417026 3632829 2014-10-14T13:17:44.710 2
4145455 3309482 2014-10-15T13:29:39.840 1
4145455 947836 2014-10-16T13:58:04.260 1
3093378 1641621 2014-10-20T07:14:16.587 3
3512600 2412846 2014-10-21T00:12:36.340 1
4145455 143305 2014-10-24T13:39:30.720 1
4145455 3309482 2014-10-26T11:10:58.773 0
4203254 3309482 2014-11-01T23:20:50.670 1
3093378 2412846 2014-11-04T23:05:06.650 1
3093378 241631 2014-11-05T05:42:38.953 4
4145455 491645 2014-11-09T08:29:54.823 9
4240332 2451683 2014-11-11T19:16:13.403 1
419116 901925 2014-11-11T21:20:35.617 1
4240332 764214 2014-11-12T15:36:51.430 4
2138293 1641621 2014-11-13T08:34:51.863 5
3093378 1641621 2014-11-14T07:50:09.703 2
3316012 2412846 2014-11-14T23:13:31.663 1
3093378 3647361 2014-11-16T17:30:43.987 5
3405291 3405291 2014-11-19T01:27:16.347 0
3405291 3405291 2014-11-21T13:46:40.223 0
419656 3521733 2014-11-24T04:21:10.060 1
4289998 1641621 2014-11-25T08:21:13.897 0
4288994 1641621 2014-11-25T08:57:23.700 4
2713740 2713740 2014-11-25T19:23:07.187 0
2713740 1641621 2014-11-25T21:24:15.920 1
2649618 2056772 2014-11-27T10:55:45.783 1
2003951 1641621 2014-12-03T07:25:33.377 3
4191722 274460 2014-12-04T06:03:18.663 0
419656 3647361 2014-12-06T21:49:50.167 7
2095383 1641621 2014-12-10T21:28:14.377 9
3067116 3067116 2014-12-16T23:33:48.943 1
914693 4301306 2014-12-18T11:08:48.570 2
3712233 1641621 2014-12-24T14:00:52.793 1
449215 1641621 2014-12-26T20:51:24.863 2
1433373 560648 2015-01-03T22:01:17.923 2
38055 3177306 2015-01-05T14:40:51.190 2
3067116 143305 2015-01-05T22:55:33.250 3
4440672 1641621 2015-01-11T20:28:56.597 0
1876942 4301306 2015-01-12T16:00:22.657 1
4385912 3093378 2015-01-13T18:22:58.103 0
3343569 2379433 2015-01-29T20:59:02.833 1
3987731 2658323 2015-02-04T12:04:28.967 2
988975 1641621 2015-02-09T10:48:47.927 1
1466844 1466844 2015-02-09T21:50:22.667 0
115781 4086467 2015-02-15T10:23:15.870 3
1445488 1641621 2015-02-18T14:45:16.827 6
115781 1641621 2015-02-18T15:03:17.060 0
2037446 1031204 2015-02-19T14:45:42.667 0
2116425 1439414 2015-02-20T08:25:49.877 5
2503729 2899559 2015-02-25T06:25:23.453 1
3320135 1641621 2015-02-26T15:23:29.863 3
1360263 1641621 2015-02-26T15:29:01.393 6
3427580 1641621 2015-03-03T08:04:30.283 4
3557757 3093378 2015-03-04T22:50:23.913 2
1444073 3526940 2015-03-10T11:38:37.747 0
3320135 2899559 2015-03-10T13:18:31.293 2
4094837 1766544 2015-03-10T18:07:47.053 0
3557757 2686925 2015-03-11T14:37:07.847 2
1525061 656346 2015-03-14T02:57:37.177 1
4203254 3670482 2015-03-18T17:35:17.457 0
1991500 1991500 2015-03-20T01:21:33.467 0
4650049 3959454 2015-03-31T13:29:00.310 0
4715510 1641621 2015-04-01T07:20:44.133 1
1876942 1731448 2015-04-01T12:46:46.567 2
1121245 1703586 2015-04-01T17:06:41.910 1
2786821 841108 2015-04-02T13:30:15.057 3
2540407 320726 2015-04-08T19:20:23.860 5
498519 1752758 2015-04-11T16:11:39.263 0
2575705 2575705 2015-04-17T08:10:42.977 1
4805325 225205 2015-04-18T20:53:48.467 3
704329 3154588 2015-04-20T17:31:03.940 3
3776460 3776460 2015-04-20T17:39:19.780 3
410867 142434 2015-04-21T04:35:57.873 2
2317130 2317130 2015-04-22T16:01:33.217 2
1563292 4738414 2015-04-23T17:23:08.273 0
4746868 2899559 2015-04-23T17:26:30.020 1
4840797 4657412 2015-04-28T17:22:19.820 4
4078222 1218777 2015-04-29T09:12:22.463 0
255635 2899559 2015-04-29T16:50:32.613 0
3535719 704329 2015-05-04T11:48:55.540 0
3427580 2899559 2015-05-06T07:39:47.920 2
2927685 2927685 2015-05-06T12:14:30.640 0
3557757 4802227 2015-05-06T12:24:02.043 5
232735 225205 2015-05-06T18:12:31.017 2
2761849 1392008 2015-05-09T12:57:39.070 1
1342016 4301306 2015-05-09T23:11:28.213 2
879497 3156750 2015-05-11T09:16:34.967 1
2322973 2899559 2015-05-12T05:04:12.150 3
4746868 4746868 2015-05-13T07:46:48.797 0
2375474 2899559 2015-05-13T08:25:45.910 1
3383404 2899559 2015-05-25T07:53:37.473 1
2375474 4657412 2015-05-26T06:37:42.467 6
1321925 1435240 2015-05-29T13:23:56.343 1
4955956 4941222 2015-05-30T13:58:01.020 0
2165656 2899559 2015-05-31T18:50:03.273 1
2925896 2925896 2015-06-07T21:12:27.897 0
3363527 3601397 2015-06-09T13:43:38.303 2
3270721 1302442 2015-06-25T06:17:08.487 1
5044899 2899559 2015-06-29T13:49:28.430 2
988975 2658323 2015-06-29T15:59:34.603 5
988975 2658323 2015-06-30T08:02:50.683 3
5064906 2899559 2015-07-01T06:42:22.343 0
2451456 2899559 2015-07-01T09:52:22.697 1
1580510 4706785 2015-07-01T10:59:07.333 0
3677802 774499 2015-07-02T12:02:07.170 3
4750105 4750105 2015-07-06T19:19:53.447 0
2750396 1152524 2015-07-12T09:56:41.210 1
1779702 787480 2015-07-16T14:37:50.897 1
4723732 350527 2015-07-28T10:01:13.050 3
4650049 3723423 2015-07-28T12:37:23.463 2
2375474 2899559 2015-07-29T06:19:23.733 2
5178477 5178477 2015-08-02T14:17:26.690 3
5145229 4651282 2015-08-02T17:16:33.523 1
4723732 2866898 2015-08-05T10:09:19.750 3
1332314 678093 2015-08-06T11:15:34.053 2
2375474 2899559 2015-08-11T11:28:32.983 4
5221403 596781 2015-08-13T00:44:22.000 1
5226324 321825 2015-08-14T22:09:13.170 3
2378649 3595382 2015-08-19T05:29:59.023 2
1087720 192737 2015-08-20T01:10:48.283 1
1281264 2899559 2015-08-24T16:36:59.860 1
1703586 2899559 2015-08-25T03:58:07.563 3
1281264 2899559 2015-08-25T06:34:13.450 1
4909770 3093378 2015-08-28T01:54:32.773 1
1620367 2756719 2015-08-28T07:45:52.430 7
1846228 1281264 2015-08-29T08:38:34.727 0
1281264 2899559 2015-08-30T04:31:25.123 1
1164799 143305 2015-09-01T10:55:52.043 2
2580077 2899559 2015-09-07T13:48:55.547 3
3968732 1140976 2015-09-09T03:57:47.650 1
4746868 2899559 2015-09-17T06:25:13.897 0
4113654 3093378 2015-09-20T16:59:46.790 0
695312 1641621 2015-09-24T20:56:40.933 1
1433835 5387236 2015-09-29T05:06:24.107 1
5386275 1641621 2015-09-29T08:14:29.717 1
4108376 2968864 2015-09-30T12:45:57.843 2
1525061 2968864 2015-09-30T12:53:54.913 1
4909770 1953533 2015-10-02T13:46:35.460 1
369009 1641621 2015-10-08T07:23:24.983 3
5087524 943472 2015-10-14T09:02:19.333 1
3093378 2630666 2015-10-15T18:47:15.433 2
3093378 3093378 2015-10-18T19:17:47.653 2
490850 4107031 2015-10-21T13:45:11.743 1
1816316 1641621 2015-10-22T20:21:26.553 1
4257188 2899559 2015-10-26T08:11:37.197 0
3454621 3198247 2015-10-27T10:47:48.197 1
3475712 1641621 2015-10-27T21:18:16.470 6
1816316 2899559 2015-10-28T08:41:16.530 3
5497430 1641621 2015-10-28T12:08:16.497 2
4600536 1641621 2015-10-28T14:31:57.170 0
2627196 1641621 2015-11-02T08:11:19.400 0
1670234 1641621 2015-11-02T10:45:32.683 2
4003077 2899559 2015-11-03T07:07:56.553 2
3772126 1641621 2015-11-04T15:13:23.163 3
4565947 2899559 2015-11-06T04:50:29.580 2
5445698 3584162 2015-11-06T09:01:54.667 0
2501271 908412 2015-11-10T17:54:34.633 0
1876942 2899559 2015-11-12T10:14:45.273 9
5553273 1641621 2015-11-12T10:56:14.327 1
2364295 2899559 2015-11-14T20:26:45.440 2
1395740 2899559 2015-11-18T18:18:50.197 13
4565947 1641621 2015-11-18T22:19:11.443 2
1395740 2899559 2015-11-19T16:12:36.753 4
5575598 1641621 2015-11-20T16:41:03.453 0
1395740 1641621 2015-11-20T23:52:30.290 3
744859 1771479 2015-11-22T00:29:01.447 3
1395740 2899559 2015-12-02T16:19:22.750 4
1395740 1641621 2015-12-04T09:18:18.017 1
5363594 2658323 2015-12-04T15:44:27.303 0
2603886 1641621 2015-12-06T20:33:06.670 1
1471516 4451432 2015-12-07T17:46:23.670 3
4265612 1641621 2015-12-09T12:53:33.893 6
5466225 2899559 2015-12-09T12:57:16.090 0
1816316 1320751 2015-12-11T16:23:14.810 2
1332314 1332314 2015-12-13T21:16:40.383 1
1332314 1641621 2015-12-14T10:54:57.400 1
3204250 2899559 2015-12-16T04:24:06.383 3
1615094 3935325 2015-12-19T18:36:31.497 2
1615094 2899559 2015-12-19T19:25:24.340 5
1540547 1641621 2015-12-22T20:03:49.523 2
3204250 2899559 2015-12-29T15:43:37.853 2
2070148 158259 2015-12-31T17:01:03.943 2
1686769 5095886 2016-01-06T23:52:35.117 3
1911722 2899559 2016-01-07T08:50:26.533 1
1911722 596781 2016-01-10T16:07:50.767 2
1395740 3309044 2016-01-12T20:36:38.367 1
5466225 1641621 2016-01-12T22:38:46.717 1
1332314 1641621 2016-01-14T08:04:42.373 1
5466225 718526 2016-01-14T11:27:49.137 4
4733382 4770166 2016-01-14T20:33:13.127 0
1135394 2899559 2016-01-20T10:00:19.030 2
1135394 1135394 2016-01-24T09:08:40.193 0
293195 2427302 2016-01-29T00:22:55.553 4
488517 5765904 2016-01-29T18:03:14.353 0
2737994 4770166 2016-02-01T16:52:56.013 2
2139502 2079934 2016-02-02T15:17:16.930 1
1541314 3926689 2016-02-03T07:03:19.373 4
498437 1641621 2016-02-04T10:03:58.837 2
1435500 3093378 2016-02-05T18:07:07.197 8
1694758 2899559 2016-02-08T18:29:22.810 1
1615094 2899559 2016-02-09T06:51:02.710 2
284529 2684539 2016-02-11T20:48:53.820 2
3320135 1641621 2016-02-15T21:05:12.883 1
1612986 2412846 2016-02-17T17:23:16.357 3
2131563 1918996 2016-02-19T08:50:12.683 1
688080 1319998 2016-02-22T22:13:56.283 1
5559943 2498188 2016-02-24T13:01:45.190 1
5597960 2809097 2016-02-24T22:49:47.593 0
4160252 5980332 2016-02-25T12:24:33.317 1
4852784 909565 2016-02-25T19:53:49.063 5
5569565 480937 2016-02-25T20:44:09.137 1
5122320 1641621 2016-02-26T21:52:52.467 3
2734140 2734140 2016-02-27T04:05:59.823 0
5970697 2296458 2016-02-28T20:18:22.120 0
2713740 1641621 2016-02-29T06:50:22.207 6
2134916 1641621 2016-03-04T08:40:49.423 2
2316066 1641621 2016-03-04T08:47:36.673 0
5588384 3357481 2016-03-06T16:14:03.097 0
6009185 1641621 2016-03-16T16:52:58.123 1
324204 1641621 2016-03-18T21:00:09.763 2
3540196 3072225 2016-03-19T07:37:36.520 1
1995263 1641621 2016-03-27T14:23:32.183 1
6092811 2899559 2016-03-27T17:09:39.093 0
2178841 4821282 2016-03-30T01:44:11.520 1
3183330 2899559 2016-04-03T06:16:44.280 3
6117107 4451432 2016-04-04T17:04:24.210 0
1047213 2899559 2016-04-05T06:30:32.450 3
6087999 1673574 2016-04-06T06:14:51.897 2
1561141 2899559 2016-04-06T06:47:50.297 2
1763680 657390 2016-04-13T11:07:35.250 3
5879326 1641621 2016-04-14T20:52:53.587 1
5231637 1641621 2016-04-16T13:41:16.590 2
5540794 2899559 2016-04-19T17:43:58.980 4
419656 2171046 2016-04-21T08:33:22.733 0
5585502 3910671 2016-04-24T17:13:27.940 1
5231637 2899559 2016-04-25T19:57:29.910 6
3097263 1641621 2016-04-30T20:15:48.407 3
5836291 2189130 2016-05-02T16:32:45.710 1
2935352 2899559 2016-05-04T07:38:00.757 0
1786117 6183448 2016-05-04T13:18:49.467 2
1229656 1641621 2016-05-12T11:08:22.447 4
15485 5836291 2016-05-12T20:20:30.660 2
2941914 2941914 2016-05-14T10:30:43.173 1
6322262 1641621 2016-05-14T22:01:59.030 0
3055219 1641621 2016-05-14T22:19:32.583 3
1521241 493106 2016-05-15T01:16:14.213 0
332578 341994 2016-05-18T16:46:24.617 2
6358072 5836291 2016-05-20T00:09:00.940 0
449298 3233921 2016-05-20T15:03:17.870 6
6370663 2899559 2016-05-23T11:46:18.597 2
847601 3236465 2016-05-28T01:49:20.777 0
3128796 5836291 2016-05-28T14:00:13.827 0
6404750 3574081 2016-05-31T15:55:21.733 0
3632556 3309044 2016-06-02T14:04:03.327 12
3055219 5836291 2016-06-02T14:22:51.517 1
3817210 1641621 2016-06-03T11:52:10.923 2
737971 1957265 2016-06-03T12:24:44.623 0
10654 3233921 2016-06-06T15:55:57.527 4
6404750 3309044 2016-06-07T15:09:28.890 2
193789 193789 2016-06-08T13:18:39.123 0
6451056 1957265 2016-06-10T17:56:56.830 1
2657641 1023390 2016-06-12T10:42:30.527 4
3055219 1641621 2016-06-16T20:12:47.690 5
826938 3852968 2016-06-17T11:24:01.220 3
4184412 1957265 2016-06-20T04:05:22.760 1
2131563 2899559 2016-06-20T11:04:25.120 2
2542702 1641621 2016-06-29T12:27:46.480 3
3128796 2099989 2016-06-30T05:10:38.190 5
4918528 2099989 2016-06-30T05:44:04.147 1
2340002 5046896 2016-07-02T03:47:45.150 0
5046896 3309790 2016-07-02T13:42:38.737 0
5046896 1957265 2016-07-03T12:20:09.173 1
5196035 5196035 2016-07-05T19:51:28.867 1
6243043 1641621 2016-07-09T06:34:52.260 1
4480180 2899559 2016-07-12T09:46:19.800 2
4480180 1641621 2016-07-12T13:39:11.493 0
6575951 1957265 2016-07-12T13:43:18.593 1
692456 1957265 2016-07-13T03:07:37.737 1
672950 1957265 2016-07-13T11:54:38.283 2
6575951 1957265 2016-07-14T06:28:08.640 0
4480180 1957265 2016-07-14T08:00:04.610 2
6103040 1957265 2016-07-16T16:01:15.743 2
2523394 1641621 2016-07-19T14:13:52.820 3
2608793 1641621 2016-07-20T07:28:10.863 2
3787151 1957265 2016-07-20T18:14:08.873 1
1612986 1957265 2016-07-21T14:45:49.530 2
1206117 1641621 2016-07-21T21:18:06.440 1
4877550 1957265 2016-07-22T08:47:29.983 2
5046896 1957265 2016-07-23T15:25:59.757 2
6631411 1957265 2016-07-24T12:54:25.910 1
5046896 463827 2016-07-26T16:30:48.057 3
5800979 1957265 2016-07-27T07:12:51.997 1
5518304 1957265 2016-07-28T15:49:31.630 3
5148356 2079934 2016-08-03T10:08:47.397 2
4960563 3484761 2016-08-03T13:30:01.610 2
4613815 1641621 2016-08-03T21:14:26.473 5
1670234 2899559 2016-08-07T09:52:12.623 1
1086644 2899559 2016-08-09T06:05:59.250 5
5046896 5215038 2016-08-10T16:29:20.807 1
879607 1641621 2016-08-14T23:08:28.557 0
6664393 1848578 2016-08-20T02:14:40.407 2
3833261 1080538 2016-08-20T03:29:34.103 2
4160393 1641621 2016-08-24T07:40:39.930 2
3677630 2899559 2016-08-24T08:12:13.420 1
354722 1641621 2016-08-24T22:10:00.107 3
4792585 6664393 2016-08-25T12:59:52.963 9
6664393 2992101 2016-08-27T15:24:38.433 1
5046896 1641621 2016-08-28T20:29:07.790 3
841562 461597 2016-08-30T23:57:20.020 1
1865939 1641621 2016-09-06T08:11:55.367 1
4122660 2899559 2016-09-06T09:11:45.447 3
3850858 1865939 2016-09-07T15:55:59.463 3
6806805 4891738 2016-09-07T23:58:20.597 2
410867 410867 2016-09-15T14:20:14.517 0
6172390 4117097 2016-09-17T01:08:12.583 0
6184058 1641621 2016-09-17T19:25:25.013 1
6664393 2899559 2016-09-19T08:53:39.700 1
6370663 1641621 2016-09-21T16:25:30.120 2
465139 465139 2016-09-26T05:37:35.137 0
2534356 6870253 2016-09-26T16:50:57.847 2
6243043 2899559 2016-09-27T11:22:56.383 1
2651079 6870253 2016-09-27T14:34:50.857 2
1520625 2899559 2016-09-28T10:55:46.793 2
3975218 6870253 2016-09-28T21:52:49.087 2
1086644 3310281 2016-10-02T03:01:06.757 1
6872237 6872237 2016-10-03T15:50:41.773 2
4402282 1641621 2016-10-03T20:28:41.827 2
1810751 3109945 2016-10-04T17:44:36.807 0
1789758 1641621 2016-10-04T21:17:26.227 2
6243043 1317944 2016-10-05T18:14:33.783 0
6920211 1641621 2016-10-06T07:17:37.657 0
6243043 6243043 2016-10-06T15:34:04.850 0
2515622 6870253 2016-10-09T14:21:24.617 0
5507558 6736794 2016-10-10T07:16:10.147 0
6409620 1641621 2016-10-11T19:12:03.683 1
2251769 3309044 2016-10-12T01:42:14.670 2
3093378 2899559 2016-10-13T07:26:30.030 2
2658323 3233921 2016-10-14T13:21:34.983 0
3417036 1641621 2016-10-14T18:04:29.620 1
1603817 1603817 2016-10-16T02:30:16.017 0
4531460 224132 2016-10-17T19:49:28.907 2
3782963 2899559 2016-10-18T05:50:35.380 2
4804204 6870253 2016-10-18T16:07:44.270 3
3294195 2899559 2016-10-18T17:28:48.800 2
1612986 6870253 2016-10-19T19:42:20.727 1
4804204 1641621 2016-10-22T09:22:15.620 2
1474847 6870253 2016-10-23T19:18:29.593 1
5862234 6870253 2016-10-24T12:53:35.283 2
1988905 1641621 2016-10-24T18:12:32.187 2
4718398 5538913 2016-10-26T19:28:39.570 1
495798 857119 2016-10-26T20:06:16.873 0
7075689 6870253 2016-10-26T22:17:28.393 0
3093378 2412846 2016-10-27T20:05:24.497 4
7083110 1641621 2016-10-28T12:25:23.223 0
2131200 6870253 2016-11-04T14:38:30.573 1
2340002 6950511 2016-11-04T18:21:50.690 1
5453417 1641621 2016-11-05T21:50:11.183 1
3294195 2899559 2016-11-06T12:52:06.467 2
2302877 1866656 2016-11-07T10:45:07.703 2
2133332 3309044 2016-11-09T05:12:28.463 1
6361813 306257 2016-11-11T18:33:06.590 0
4882179 1641621 2016-11-12T20:39:08.790 0
1599766 2899559 2016-11-13T07:59:06.063 1
7126955 2899559 2016-11-14T20:40:05.333 0
2658323 1641621 2016-11-15T20:34:43.847 1
3294195 1641621 2016-11-17T20:35:40.543 3
7176743 1641621 2016-11-18T09:46:08.580 2
3294195 2899559 2016-11-20T08:28:48.930 3
2047359 2047359 2016-11-23T12:37:11.277 0
3244166 1641621 2016-11-25T14:45:37.207 2
6160190 2899559 2016-11-29T06:30:55.467 0
4286947 2015579 2016-11-29T12:07:40.643 2
7036514 1641621 2016-12-01T08:13:31.483 1
761090 1641621 2016-12-02T15:48:01.833 2
991703 3309044 2016-12-05T02:20:02.537 1
6019454 6870253 2016-12-05T17:51:36.950 0
2523394 2899559 2016-12-06T10:36:14.310 2
3282469 4370886 2016-12-06T17:58:33.097 0
7206716 6870253 2016-12-06T19:50:15.640 2
1964853 1641621 2016-12-08T09:19:47.537 0
2761849 2761849 2016-12-08T17:07:49.233 0
7267149 1641621 2016-12-08T19:16:36.643 0
1762681 6870253 2016-12-09T10:40:41.963 2
7277003 6870253 2016-12-10T19:16:51.113 1
207661 1641621 2016-12-11T14:27:56.977 4
2109064 496161 2016-12-13T10:19:43.607 3
115781 4069571 2016-12-13T12:19:15.500 8
7299694 1641621 2016-12-15T08:16:46.703 0
7238734 2394541 2016-12-17T23:51:40.237 0
7329878 1641621 2016-12-22T16:11:06.937 2
6103040 2525396 2016-12-28T06:24:29.437 1
3785280 1641621 2016-12-29T09:12:30.193 1
1168848 148668 2016-12-29T17:33:50.590 1
7348942 6870253 2016-12-29T22:10:47.303 0
3475248 6870253 2016-12-31T13:49:14.053 0
2138293 6870253 2017-01-02T15:16:11.997 2
1317240 7369935 2017-01-03T14:42:53.260 1
2654527 1641621 2017-01-05T20:54:30.020 2
1267833 1641621 2017-01-06T19:18:35.243 2
1267833 6870253 2017-01-09T13:17:34.913 1
5716954 1641621 2017-01-10T08:15:18.450 3
4750379 7400625 2017-01-10T17:19:01.340 0
5174940 6870253 2017-01-11T13:50:39.187 2
5770664 1641621 2017-01-11T20:37:27.247 0
664303 251153 2017-01-12T02:51:01.833 5
4069571 6216474 2017-01-12T07:21:08.557 3
1150961 1150961 2017-01-17T09:55:54.343 0
3303546 3303546 2017-01-18T20:19:16.863 1
1306261 6870253 2017-01-21T09:13:17.313 3
7427048 7427048 2017-01-23T10:31:36.757 0
7465838 670206 2017-01-24T20:48:44.607 3
1615094 1641621 2017-01-26T08:05:52.403 3
4053422 4053422 2017-01-26T09:34:50.370 0
6872237 6870253 2017-01-27T01:47:20.567 4
7465838 6870253 2017-01-28T10:29:19.033 1
7427048 1641621 2017-01-30T13:09:01.047 1
1306261 5114342 2017-01-30T16:49:49.290 0
7440094 6870253 2017-01-31T08:06:59.083 1
7465838 1133179 2017-01-31T17:33:38.500 2
4122660 5422980 2017-02-02T16:22:49.953 3
7465838 2441656 2017-02-04T18:06:34.437 4
6872237 1641621 2017-02-05T06:50:29.493 2
6872237 1641621 2017-02-05T15:53:34.893 2
4122660 5210526 2017-02-09T19:45:01.067 1
6415153 1641621 2017-02-09T21:32:05.060 1
5992345 7444219 2017-02-10T02:18:45.577 0
7538390 7538390 2017-02-10T17:56:04.627 0
737640 3205529 2017-02-14T01:47:36.470 0
6587970 6587970 2017-02-17T14:13:15.867 0
1680677 3022712 2017-02-17T23:37:55.773 0
1267833 1641621 2017-02-21T15:05:48.300 1
3875310 1774667 2017-02-21T19:53:01.797 0
1218408 1774667 2017-02-21T21:35:14.960 3
3834 1641621 2017-02-24T07:53:29.757 1
2412846 1641621 2017-02-24T17:13:58.367 11
1267833 1641621 2017-02-24T17:43:35.167 2
939588 939588 2017-02-26T10:51:10.313 0
4402282 3659268 2017-02-28T17:19:37.150 2
4357210 1345455 2017-03-02T16:59:43.753 4
3834 3834 2017-03-03T01:11:06.177 0
4066272 1641621 2017-03-03T20:38:26.073 2
7668801 1641621 2017-03-06T21:32:21.637 1
3834 4635537 2017-03-07T07:22:57.960 3
3834 1641621 2017-03-07T10:01:30.380 1
7091382 1641621 2017-03-11T20:18:57.650 0
4953963 7621674 2017-03-12T12:04:27.820 1
5997808 1191041 2017-03-15T10:05:33.083 1
6928142 5451259 2017-03-15T13:44:41.777 3
7427048 1641621 2017-03-16T08:52:06.283 1
3834 1641621 2017-03-16T09:14:15.590 2
7569429 1641621 2017-03-16T09:18:08.143 1
2486214 623046 2017-03-17T09:56:48.167 1
396803 6870253 2017-03-17T17:11:05.793 1
7418242 143305 2017-03-19T11:47:25.373 5
6415153 6415153 2017-03-20T09:15:49.170 0
5770664 1782465 2017-03-20T12:29:05.610 1
7494974 4323 2017-03-20T14:08:41.437 2
6928142 1641621 2017-03-22T08:10:50.927 2
2375474 7754615 2017-03-23T03:23:49.673 0
2253240 1686769 2017-03-23T16:46:48.757 2
7700802 1132871 2017-03-23T20:57:15.977 2
7758778 1132871 2017-03-23T22:30:45.797 2
5588384 3909810 2017-03-30T11:34:58.543 0
7790827 681865 2017-03-30T17:47:07.837 2
7184235 1641621 2017-03-30T20:17:09.093 1
2654527 1641621 2017-03-30T20:20:20.457 4
276168 1641621 2017-03-31T19:59:16.513 2
5453417 1641621 2017-04-01T06:42:30.093 2
1360263 1360263 2017-04-02T14:55:39.170 3
767664 7328782 2017-04-02T20:23:09.113 2
7700802 5231607 2017-04-03T16:18:33.633 1
7811646 1641621 2017-04-04T08:39:40.850 1
7758778 1641621 2017-04-04T08:41:52.317 2
7789992 7789992 2017-04-04T13:52:14.827 0
6730448 6870253 2017-04-08T02:24:41.530 1
4480180 6870253 2017-04-09T08:57:46.343 1
5199222 6870253 2017-04-12T07:20:11.603 2
4524755 1345455 2017-04-12T22:47:59.493 3
3022712 6870253 2017-04-14T18:58:00.683 2
3022712 6870253 2017-04-16T10:05:04.530 2
5576627 6870253 2017-04-17T18:14:18.623 2
7635052 3204484 2017-04-19T16:34:59.743 1
4602272 1944004 2017-04-21T01:50:00.330 1
5989988 6870253 2017-04-25T08:31:29.397 1
7163293 6870253 2017-04-25T08:45:54.160 1
7179905 2610810 2017-04-27T15:39:03.203 4
3022712 1641621 2017-05-03T07:13:00.777 0
1525945 1525945 2017-05-03T16:59:02.293 0
3449273 3449273 2017-05-05T14:28:15.830 0
6101419 7621674 2017-05-06T15:50:15.603 4
7511696 182660 2017-05-09T23:46:03.363 1
3964522 5925642 2017-05-11T03:14:08.420 0
2198731 6870253 2017-05-12T15:52:28.987 2
5770664 6870253 2017-05-15T13:27:21.340 2
7502521 992489 2017-05-15T17:14:52.533 1
7439939 1641621 2017-05-16T11:43:20.423 0
6415153 1641621 2017-05-16T11:48:09.563 0
4602272 6870253 2017-05-18T09:45:14.057 1
3419427 27943 2017-05-18T21:07:28.643 0
1911722 6870253 2017-05-20T08:09:41.273 2
7942505 2521214 2017-05-21T08:41:00.823 1
7746056 4763489 2017-05-22T15:21:42.540 4
7479376 6870253 2017-05-23T17:12:14.620 0
1353542 6870253 2017-05-24T06:14:06.457 3
6367131 1937197 2017-05-28T19:10:19.617 2
4560383 1944004 2017-06-01T00:37:23.887 0
1308854 1944004 2017-06-01T00:51:38.257 0
1521241 2899559 2017-06-01T07:28:35.637 0
6213418 992489 2017-06-01T19:56:40.960 0
5819023 1641621 2017-06-02T22:11:08.427 0
1613983 170413 2017-06-04T08:14:41.207 0
828279 6870253 2017-06-05T14:50:08.383 1
4859499 501250 2017-06-05T18:53:57.223 3
317331 8117498 2017-06-06T05:00:02.160 1
828279 6870253 2017-06-06T16:32:21.367 2
189897 6870253 2017-06-06T17:33:39.113 1
8014852 6870253 2017-06-06T17:43:29.840 0
3427580 1641621 2017-06-07T07:56:17.637 3
1798057 2127774 2017-06-08T09:43:51.707 0
547589 8130884 2017-06-08T14:44:54.737 0
2057232 1641621 2017-06-13T07:09:26.110 1
2091453 2091453 2017-06-13T12:56:56.573 1
7654245 1417063 2017-06-17T16:18:21.313 1
1294207 673137 2017-06-18T08:17:09.963 0
673137 8182657 2017-06-19T13:30:15.293 2
8137281 8137281 2017-06-20T01:43:06.473 0
7443737 6870253 2017-06-20T11:07:20.873 4
5775429 1944004 2017-06-21T00:00:36.143 2
4082924 6239104 2017-06-21T16:28:54.750 1
7443737 1641621 2017-06-21T20:52:33.200 1
5600018 6207143 2017-06-23T09:59:01.743 0
265521 366904 2017-06-26T17:05:02.870 2
2764955 7621674 2017-06-27T11:34:27.167 1
3427580 1641621 2017-06-28T08:28:09.283 3
7621674 7621674 2017-06-28T09:02:35.817 1
8218075 1641621 2017-07-01T22:10:45.393 2
3363910 4990342 2017-07-02T02:28:42.057 0
1267833 1944004 2017-07-02T22:42:51.633 2
2218880 4124855 2017-07-03T16:51:29.680 0
8168385 1055118 2017-07-06T14:27:39.697 0
4524755 143305 2017-07-10T12:51:06.793 0
43265 5625639 2017-07-12T12:09:04.537 0
5572577 8009379 2017-07-13T19:58:38.893 1
1876627 6870253 2017-07-17T12:32:55.547 2
5634409 6870253 2017-07-20T19:02:00.640 3
3048255 4323 2017-07-21T04:01:50.583 2
6664393 2630666 2017-07-21T15:16:27.337 0
1099854 673137 2017-07-23T13:29:42.490 1
8370308 2102925 2017-07-26T19:28:49.653 1
8370308 673137 2017-07-27T13:35:36.277 0
2340918 6870253 2017-07-28T15:05:42.047 1
3789879 6870253 2017-07-28T15:15:24.550 1
1974185 6870253 2017-07-28T15:39:22.940 8
6771484 5387904 2017-07-28T21:24:30.363 0
6664393 4943844 2017-07-31T08:26:27.270 4
3610381 6870253 2017-08-02T22:44:45.317 0
8035809 1641621 2017-08-06T06:36:52.253 1
2761849 4523769 2017-08-08T21:03:00.933 1
1876627 1876627 2017-08-10T11:22:32.047 0
6771484 6870253 2017-08-10T16:31:14.533 3
2340918 6870253 2017-08-10T16:42:11.873 2
6872237 6870136 2017-08-10T23:42:35.353 1
6872237 6870253 2017-08-13T12:15:33.897 1
6872237 6870253 2017-08-13T22:44:09.077 3
7550404 16406 2017-08-14T00:54:16.370 0
2646505 3093378 2017-08-16T14:45:21.580 6
1349525 1641621 2017-08-16T17:37:20.493 2
8464647 8464647 2017-08-16T18:32:34.850 0
8297071 8297071 2017-08-18T02:38:04.987 0
5674719 5674719 2017-08-22T12:35:17.383 0
8371092 3013887 2017-08-25T09:00:03.043 2
1146110 143305 2017-08-25T11:02:32.067 2
2235936 7382759 2017-08-26T06:08:38.477 2
