155726 164546 1253763957897 0 4 True
155726 14343 1257625347150 2 4 False
155726 38140 1257630794793 2 1 True
155726 49994 1259910157243 2 1 False
155726 42973 1259915141890 2 4 True
155726 151353 1259915594457 2 2 False
247873 9167 1263196842660 1 2 False
247873 2611 1263196870460 1 2 True
247873 11527 1263197087737 1 2 False
247873 1422778 1263220423937 1 1 False
204623 256376 1264204517613 3 1 True
204623 204623 1264408319060 5 5 True
204623 174728 1264713110700 0 1 True
204623 8206 1264745987063 2 4 True
204623 1199 1265199356807 3 4 True
204623 89391 1267415039490 14 3 False
204623 174728 1267415513573 14 11 True
204623 166686 1267415561310 14 7 False
198633 260644 1267750641747 9 10 True
285070 15401 1270803614790 9 0 False
285070 156771 1270809246583 9 12 True
330392 143804 1272725545720 1 3 True
58657 167958 1279516012607 4 5 True
58657 95810 1279520270593 4 1 False
330392 174728 1280151566867 0 1 True
428370 398968 1282565222183 1 2 True
456789 34088 1285661318487 10 1 False
284696 284696 1287266874827 4 1 True
456789 497234 1288882810413 10 24 True
323874 497234 1289213670703 11 26 True
204623 497234 1289213975333 3 4 False
499323 66549 1290044853533 3 3 True
456789 14343 1290169800730 5 5 True
456789 52273 1290170247757 5 3 False
456789 376113 1290174507497 5 0 False
456789 398968 1290176260053 5 0 False
456789 497234 1290272588697 5 1 False
184046 416480 1291237109073 7 2 False
184046 497234 1291239131280 7 7 True
426176 434217 1291643722830 1 2 True
84399 546883 1293451275747 1 5 True
367319 429850 1295037845803 1 2 False
367319 497234 1295102227847 1 2 True
499323 188456 1295463244873 2 0 False
499323 581591 1295465268007 2 0 False
499323 188456 1295466014167 2 1 True
224254 392949 1300237934270 12 8 True
204623 708260 1302795509673 14 9 False
285070 146821 1302912314937 9 11 False
58657 146821 1302912429590 4 2 False
710807 157880 1302974635197 1 0 True
429850 538718 1304054893897 7 9 True
27274 143804 1304366567323 2 3 False
27274 497234 1304478067157 2 4 True
813260 497234 1308880367847 2 3 True
868908 11708 1312073786370 2 1 False
868908 95612 1312074657623 2 6 True
868908 868908 1312139130673 2 1 False
157880 144537 1313607880300 3 7 True
454773 497234 1317267365037 5 9 True
514874 950912 1318279293810 0 0 False
514874 148870 1318279347850 0 2 True
514874 50899 1318279557637 0 2 False
514874 497234 1318335833273 0 0 False
972432 2246 1318764723070 4 1 True
640558 190597 1318889386967 6 12 True
640558 843822 1318889445970 6 3 False
640558 208880 1319152830390 3 0 False
640558 843822 1319153770327 3 4 True
807522 497234 1319547647233 2 1 True
348081 166749 1319564716570 2 7 True
348081 843822 1320945773343 1 6 True
348081 235700 1321376642217 0 0 True
574043 807294 1321485878970 7 8 True
963734 42973 1322124648677 3 4 False
963734 584347 1322127935270 3 5 True
464277 489582 1322188564480 0 1 True
1080598 584347 1323073603737 0 2 True
1080598 584347 1323076515773 0 1 True
1101009 497234 1323996871383 0 0 True
1117550 308903 1325006610390 2 0 True
1101009 526510 1325236210657 1 3 True
640558 501557 1326055803793 4 4 True
640558 856780 1326123336257 4 3 False
842609 573626 1326210795070 0 6 True
842609 21640 1326210856470 0 3 False
842609 1049678 1326211004533 0 9 False
640558 843822 1326343606857 0 2 True
1117550 958580 1326450700500 2 1 False
640558 907578 1326567940983 0 0 False
1101009 1101009 1327224610343 6 1 False
1101009 497234 1327245702017 6 3 True
640558 535275 1327525306633 1 2 True
640558 856780 1328394418717 15 22 True
1199589 843822 1329039313487 5 9 True
640558 632088 1329344565180 25 1 False
565879 260243 1329414348677 1 2 True
565879 1102056 1329847524007 7 5 False
565879 166749 1329847612087 7 9 True
997704 1139393 1330089417427 6 9 True
331719 624900 1330365214893 8 13 True
2683 704848 1330955226303 6 3 True
394747 249341 1331226885417 6 13 True
640558 66549 1331373252150 25 39 True
345553 843822 1332608237663 9 15 True
1317221 916657 1333708561857 1 2 True
1317221 843822 1333741204393 0 3 True
1317221 569302 1333833475057 0 2 True
1317221 692799 1333881071883 0 0 False
1320502 21640 1333969250327 1 4 True
640558 1218673 1334078707867 0 0 False
1039678 885443 1334143795210 9 8 True
657215 843822 1334454498437 1 0 True
1118236 1118236 1334466130260 3 15 True
758158 810897 1335083824207 1 1 False
758158 885443 1335099599177 1 3 True
758158 758158 1335099741007 1 1 False
713087 713087 1335183035907 2 1 True
1117550 1145239 1336309571937 2 1 False
1081468 294714 1337339389807 13 11 True
1081468 885443 1337339617583 13 7 False
1400262 885443 1338198982657 2 4 True
1131681 885443 1338292612703 1 2 True
1131681 885443 1338577777260 1 3 True
1117550 559644 1339036023077 2 2 False
1290420 1290420 1339439352437 3 8 True
813260 885443 1339762220720 1 5 False
813260 497234 1339788487120 1 8 True
1101009 1253677 1340213919530 2 3 True
886133 886133 1340219283630 2 2 True
1461209 432745 1340783763500 2 4 False
1461209 171278 1340783786257 2 4 True
1461209 1177025 1340784637130 2 1 False
394747 1036719 1340911812860 6 10 True
1101009 1427416 1341252706503 12 9 False
1101009 560844 1341258932003 12 8 True
1101009 741316 1341352241463 12 0 False
1256988 497234 1341408377640 6 7 True
1504267 166749 1341498832500 0 1 True
488517 456789 1341538006147 8 17 False
1504267 497234 1341598845607 0 1 False
997704 541038 1341952675557 3 4 True
997704 198633 1341952760070 3 0 False
455637 624900 1342232399407 41 5 False
455637 497234 1342272440313 41 55 True
536538 497234 1343916313590 0 6 True
1575367 885443 1344065704870 9 17 True
1575367 497234 1344088446993 9 22 False
807093 590867 1344096364940 0 1 False
807093 711017 1344097799670 0 0 True
807093 711017 1344098710007 0 4 False
807093 1175813 1344098822800 0 0 False
1042359 1215031 1344105103123 8 7 True
488517 656261 1344283854523 8 2 True
1342259 1175813 1344455988743 0 0 True
478514 624900 1345484344227 7 8 True
1036719 772649 1345617465123 8 3 True
348081 1552021 1345733411443 1 2 False
1551177 1551177 1346500995087 3 1 True
1664992 712603 1347437422620 3 2 False
1664992 843822 1347437473493 3 2 True
478514 497234 1347934931570 3 1 True
1199589 1546364 1349173138170 5 0 False
787319 787319 1349688419237 6 1 False
787319 733291 1349717323147 6 4 False
538256 538256 1350480798663 4 4 True
257583 497234 1351037206997 9 17 True
1772523 497234 1351117433133 3 2 True
190894 497234 1351117648843 1 2 True
779784 249341 1351182874753 6 5 True
779784 1775079 1351188627787 6 4 False
1772523 1460614 1352067047433 5 0 False
1772523 380231 1352087137837 5 1 True
536538 1247955 1353099686493 1 0 True
536538 497234 1353122106447 1 0 False
952257 497234 1353598712473 2 2 True
1281171 190597 1353607052510 20 38 True
950625 35070 1353611141783 0 0 False
1343022 1739375 1353784021983 2 1 True
1338403 497234 1353797995303 3 3 False
1338403 190597 1353800135320 3 3 True
1343022 497234 1353800315503 2 4 False
950625 190597 1353857531103 0 1 True
1246632 1680562 1353956908167 13 8 True
626537 190597 1354211863120 6 11 True
204623 626537 1354222392283 3 0 False
1690293 1680562 1354603714107 1 2 True
1295112 885443 1354623572767 17 27 True
1458387 1888184 1355030955433 2 3 True
1890166 190597 1355089805197 3 5 True
1458387 497234 1355239569283 8 13 True
1890166 497234 1355441043840 1 4 True
1890166 497234 1355456076777 3 1 False
1246632 949289 1355571595113 13 10 False
306839 977038 1355750300777 11 1 False
306839 249341 1355758295287 11 9 False
306839 497234 1355837392797 11 9 True
1841973 20862 1356081892547 8 14 True
1921931 1504837 1356107988037 2 2 False
1921931 190597 1356112557457 2 1 True
555804 1595865 1356273007930 5 2 False
555804 190597 1356273188050 5 7 True
1018513 1018513 1356346158490 3 2 True
787319 733291 1356779225160 6 6 True
672387 565946 1356936115227 1 1 False
672387 1939214 1356939935300 1 1 False
672387 308903 1356948257460 1 1 True
1080598 497234 1357414442227 0 1 False
967143 956974 1357810601150 0 1 True
967143 1156006 1357828271767 4 5 True
967143 497234 1357865377843 4 5 False
1974371 497234 1358108305893 -1 4 True
1706564 584347 1358327318000 6 12 True
1076268 497234 1358790816173 4 5 True
2013419 497234 1359437739657 8 7 True
1411980 497234 1359639970923 2 4 True
394747 593370 1359703844623 6 8 False
1115277 1115277 1359846528720 9 15 True
1411980 1411980 1360170914973 3 5 True
1772523 2051684 1360256421120 5 1 False
1551177 2051684 1360256647950 3 1 False
2055485 497234 1360425290333 1 4 True
2002303 604364 1360826637437 2 3 True
845169 497234 1360957748140 0 0 True
1749223 497234 1361222794607 10 11 True
1411980 1634414 1361551090227 3 3 False
971956 497234 1361801797653 0 1 True
487993 497234 1361802111507 10 8 True
682632 380231 1362512067837 0 0 True
682632 717357 1362581827040 1 2 True
1091766 259525 1362700537990 1 0 False
1091766 497234 1362718321823 1 2 True
1091766 1217358 1362719829913 1 4 False
293962 190597 1363249584383 4 5 True
2159173 2159173 1363320926707 4 3 True
293962 497234 1363364103883 4 1 False
2155072 497234 1363465074227 0 1 True
677712 1888451 1363547225290 15 11 True
1526421 1526421 1363637692980 0 0 True
2137255 190597 1363806837333 0 2 True
640558 135043 1363844132427 25 3 False
1731887 497234 1363875100507 10 18 True
1009091 1523555 1364067813640 9 -2 False
1009091 885443 1364073587407 9 5 False
1009091 497234 1364126992020 9 12 True
1254498 650654 1364312289737 6 3 True
135043 497234 1364357676427 15 20 False
672387 1290420 1364369807053 2 1 True
135043 1290420 1364373665780 15 5 False
1254498 910052 1364375586207 6 1 False
135043 190597 1364379473470 15 9 True
1061193 1061193 1364429053733 4 5 True
1313845 380231 1364695052900 2 2 True
905132 190597 1364786742557 2 4 True
947933 172277 1365273624877 0 0 False
947933 1290420 1365279927687 0 1 True
1863061 249341 1365429649493 3 2 True
980524 497234 1365597877677 3 4 True
1043144 1350899 1366104051483 4 0 False
1043144 190597 1366104413673 4 5 True
1043144 2218938 1366104419520 4 0 False
902885 249341 1366400256577 2 4 True
1043144 1290420 1366407833583 1 4 True
1848624 1361822 1366735449010 0 1 True
1863061 835351 1367355351240 3 2 False
637562 1320237 1367503142317 1 2 True
2059942 2348178 1367611696260 3 4 True
1448607 497234 1367926211540 0 2 True
1574687 1574687 1368219256513 8 11 True
284696 497234 1368537121917 4 4 False
1628971 541038 1368549589753 1 0 False
1628971 683020 1368549853330 1 2 True
2386054 48882 1368628267833 10 20 True
868908 472876 1368649019483 2 1 False
472876 497234 1368669344437 1 3 False
446185 497234 1368906802383 2 8 True
1043144 497234 1369481874430 1 4 True
1075163 1075163 1369821188413 0 1 True
2338725 1960027 1369894796890 1 6 True
2435187 1172002 1369897044243 1 0 True
1166411 380231 1370053979477 1 3 True
735445 497234 1370340351140 3 3 True
1676714 1290420 1370366132850 2 3 True
1253724 1855266 1370439966570 0 1 True
1253724 497234 1370519087743 0 2 False
904316 904316 1370562296133 0 1 True
1709538 1075163 1370596903967 1 2 True
2055448 603094 1370690518503 0 4 True
1219089 963250 1370718971273 2 1 False
1219089 1290420 1370719004040 2 3 True
1219089 497234 1371034816723 5 5 True
2030461 68587 1371093978277 2 0 False
2030461 736937 1371096226763 2 2 True
1166411 249341 1371098901753 0 2 True
1166411 846892 1371103719557 -1 3 True
914874 497234 1371149994470 2 2 True
1166411 535665 1371216025510 7 9 True
1166411 732396 1371546413547 3 2 True
348081 2225682 1371695945443 3 4 True
1919445 497234 1371994601810 4 3 True
735445 497234 1371994956213 3 3 True
1104823 2264861 1372089682537 2 4 True
626537 2264861 1372141013480 13 19 True
393816 553404 1372176281930 7 8 True
1104823 2264861 1372581872527 16 12 True
1422056 735445 1372744992120 2 5 True
1274908 2264861 1372800495750 0 3 True
1166411 1448070 1372833682570 1 1 False
2547754 2539909 1372879186103 3 0 False
2547754 190597 1372879209627 3 3 True
1274908 2264861 1372884194433 2 6 True
2548932 2233321 1372916173787 2 1 True
2549262 497234 1372943623640 0 1 True
2161725 1290420 1373092746997 2 1 True
2029695 686806 1373232137123 1 3 True
1846092 686806 1373655228303 1 4 True
475982 2264861 1373791194483 5 2 True
1846092 1819254 1373877220707 1 1 False
2548932 117919 1373879940867 4 5 True
2594224 190597 1374141943303 1 5 True
2601331 497234 1374432869513 1 0 False
2584479 2264861 1374658804877 9 5 True
354134 497234 1375370097780 4 3 True
2287805 156771 1375517894280 1 1 True
1444859 497234 1375548845200 2 3 True
710408 2089738 1376412860203 0 1 True
1274908 497234 1376453341433 3 7 False
1325421 380231 1376485775557 3 5 True
1274908 1274908 1376512148887 3 5 True
710408 497234 1376524627770 0 0 False
1104823 497234 1376659013060 2 6 False
1104823 1104823 1376759456873 2 1 True
1885713 1643946 1377169784930 2 1 True
1306819 1542900 1377230440553 1 0 False
1306819 497234 1377372749747 1 3 False
1113159 564538 1378078687220 5 12 True
1274908 1809463 1378407333813 2 1 False
1274908 497234 1378562221490 2 2 True
2584479 497234 1379451262823 1 4 True
1219801 1219801 1379776403523 2 3 True
1840816 2647279 1380403645893 3 3 True
1840816 1141493 1380406384353 3 1 False
2438587 380231 1380680104920 1 2 False
2438587 2438587 1380739861760 1 1 True
2551431 2551431 1380920797537 1 1 True
184046 1871399 1381034117333 7 1 False
1840816 2230844 1381058318657 3 0 False
2230844 190597 1381088103857 9 13 True
1695437 165216 1381722098117 1 1 False
1695437 497234 1381740169663 1 1 True
218900 897489 1381744686137 1 4 True
446185 349948 1381928535820 0 1 True
1695437 497234 1381964961203 0 3 True
1444859 2097171 1382492365797 0 1 True
446185 1265154 1382698562573 1 5 True
204623 2072191 1382891814437 14 14 False
1274908 497234 1383076605863 2 3 True
2601331 1186954 1383569614430 1 1 True
308254 2831353 1383681615557 2 2 True
1919445 497234 1383868365750 0 1 True
2002014 497234 1384101132240 0 1 True
155726 479736 1384268837993 2 0 False
1404853 497234 1384285565443 5 11 True
308254 497234 1384300726663 2 3 False
1709538 472876 1384365881243 1 0 False
472876 472876 1384366481790 1 0 True
1383444 241013 1384559077630 2 1 False
1383444 1383444 1384559286333 2 4 True
334688 100297 1384769695180 1 1 False
334688 462604 1384769754543 1 5 True
1059388 497234 1384965846750 0 0 True
1988876 1222578 1385075070427 39 38 True
1988876 2831353 1385075304897 39 13 False
1988876 1499803 1385079863920 39 33 False
1419272 1643946 1385412465160 4 4 True
2326416 156771 1386631031157 1 2 True
2841098 2890724 1386714279987 2 2 True
190806 1225825 1386828115033 19 46 True
1661473 497234 1386894904083 5 3 True
1013754 2565457 1386928268447 11 5 False
1013754 1076249 1387319583470 11 -1 False
1013754 497234 1387328052560 11 7 True
1274908 1942936 1387355885310 5 0 False
1274908 497234 1387383862487 5 6 True
574043 177728 1387438560443 7 3 False
3138024 1274908 1388153185920 2 4 True
574043 171236 1388335302310 7 0 False
2980081 1274908 1388440507170 0 1 True
2570027 497234 1388693128370 4 9 True
316957 3169644 1389294599897 2 3 True
1306819 362761 1389303805100 1 11 True
1228491 1281485 1389354255773 2 2 True
1306819 1704279 1389642944940 1 0 False
416626 1240268 1390085173910 9 13 True
1704279 1704279 1390947725513 5 0 True
1886743 3208430 1391047363887 3 1 False
1886743 110026 1391052184300 3 4 True
1406141 1692107 1391515457480 0 0 True
2286035 2347296 1391777750093 3 3 True
849354 1643946 1392287453397 5 7 True
3290696 3290696 1392336083913 0 0 True
2470728 1643946 1392471694627 -1 1 True
2030378 497234 1392558343533 3 7 True
538603 497234 1392769351430 2 3 True
3314418 1643946 1392899665727 0 2 True
1816184 497234 1392944930487 0 2 True
2286035 497234 1393119832873 2 2 True
344568 497234 1393185823300 1 1 True
356922 3153644 1393251312470 18 4 False
356922 249341 1393253078977 18 34 True
1379390 283344 1393358422587 0 1 True
2286035 2831353 1393434294647 4 2 True
2639724 604364 1393459634623 0 2 True
2286035 377366 1393512533663 0 3 True
2639724 3337893 1393716094503 1 2 True
2639724 494076 1393750093700 1 1 False
2449211 349948 1393861166460 3 3 True
1848624 763505 1393864832347 3 3 True
1848624 3047642 1393864837130 3 0 False
1848624 3148952 1393864915850 3 2 False
3380374 249341 1393960808577 6 7 True
515028 497234 1394078646187 4 5 True
2970710 1178602 1394302029347 0 3 True
3360015 704848 1394446303873 3 2 True
2572413 497234 1394504375600 1 5 True
2958527 3001761 1394839868750 0 1 True
2958527 497234 1394852476483 0 0 True
3368539 7432 1394890635660 0 1 True
1846092 270572 1394917096090 1 3 False
3368539 861364 1394974869063 1 0 True
2639724 497234 1395070899980 1 4 True
2286035 3001761 1395397957907 0 1 True
2286035 249341 1395669654937 2 5 True
2286035 538284 1395767164370 2 2 True
3449019 704848 1395849772100 2 3 True
1418224 497234 1395934240327 1 5 True
41977 497234 1395960884887 2 4 False
3470911 704848 1396000364647 2 3 True
3449019 704848 1396007146987 1 2 True
3449019 474516 1396007621143 1 0 False
2543622 677122 1396020550420 5 2 False
2543622 377366 1396021029467 5 5 True
1071516 1414029 1396022612960 13 9 True
2570027 377366 1396028606773 4 0 False
2464658 1754568 1396182490630 5 1 False
2464658 190597 1396185646637 5 4 True
2464658 837845 1396192716103 5 0 False
2333918 497234 1396207704687 3 5 True
1609428 33258 1396287295290 3 8 True
3449019 704848 1396350931440 2 3 True
1609428 497234 1396370842757 2 3 False
1609428 1586229 1396371151653 2 3 True
1609428 3323394 1396371574853 2 1 False
3322871 704848 1396808381103 1 1 True
3466751 1499803 1396864195460 1 1 True
2348348 188535 1396923036160 2 1 False
2348348 11265 1396923552010 2 2 True
2286035 821672 1396960281593 2 1 True
2058333 497234 1396998860040 0 1 True
3466751 497234 1397068997573 2 6 True
3517860 1705798 1397112545087 1 0 True
3520040 3351803 1397160425313 2 2 False
3520040 3520040 1397204907627 2 1 True
2778867 2778867 1397281760673 2 2 True
1565828 249341 1397828338850 3 1 True
2852677 322909 1397945471053 0 1 True
3553324 190597 1398088801483 4 3 False
3553324 1479138 1398088842310 4 5 True
2348348 497234 1398124798860 0 2 True
1434217 497234 1398220642673 2 5 True
735445 2246 1398233649687 5 4 True
1798957 497234 1398265329083 0 2 True
2035177 497234 1398343635090 0 1 True
2005352 247623 1398646802870 1 1 True
3588964 2243104 1398874043127 0 1 True
1795949 129592 1398939274380 1 2 True
3449019 2141635 1399073794387 0 1 True
3449019 3526142 1399073861443 0 1 False
1418224 497234 1399220283287 0 2 True
1418224 190597 1399223276447 0 1 False
1828017 166749 1399540802123 1 2 True
2116023 1499803 1399873468393 6 0 True
3322871 1499803 1399949466630 0 3 True
3656340 1643946 1400670912177 1 1 True
3449019 3669613 1400937269500 0 2 True
3590728 190597 1400940768580 1 1 True
1742281 1495539 1401094602867 1 4 True
3675841 677122 1401099151533 0 1 True
2348348 424631 1401233277523 2 1 True
2541184 3375011 1401779842190 1 2 True
1652010 497234 1401829732747 4 12 True
3713466 497234 1402072602647 1 0 True
1797006 497234 1402239643010 0 3 True
1652010 2831353 1402599916367 0 4 True
2263652 471671 1402848883183 2 4 True
1871399 424631 1402975561767 3 6 True
3698011 3420371 1403118777440 2 2 True
1253932 541136 1403230167690 1 1 False
1253932 497234 1403235643910 1 3 True
41977 41977 1403256996720 2 -1 True
1481376 497234 1403397066280 0 1 True
3768656 497234 1403583068533 9 14 True
2397318 497234 1403583889777 3 3 True
3420371 860103 1403702948730 0 2 False
3420371 2329708 1403703063723 0 1 False
3420371 1158060 1403703116743 0 2 True
3420371 399317 1403710721907 0 2 True
3511656 3768656 1404758885410 2 2 True
3277160 3768656 1404830965430 2 2 True
1764031 2831353 1404912790937 0 4 True
3358205 3358205 1404938168883 3 0 False
3358205 3768656 1404944539903 3 7 False
3358205 3358205 1405000942580 3 3 True
1469465 3768656 1405010082613 1 2 False
3708902 312007 1405021326530 0 1 True
3728793 497234 1405024441243 0 2 True
1469465 497234 1405099192157 1 1 True
2464658 704848 1405423309337 2 1 False
2464658 190597 1405426203020 2 2 True
3413239 2243104 1405527114890 0 1 True
2498497 2304916 1405624396220 0 1 True
2498497 2831353 1405714089650 3 3 True
3857627 2831353 1405893803017 0 2 True
3235479 3235479 1405985744590 2 1 True
1768191 2831353 1406124460950 5 9 True
1768191 497234 1406158124110 5 5 False
3420371 497234 1406158334243 0 1 True
3449019 2658050 1406579650213 0 1 False
3449019 497234 1406581901790 0 2 True
3882753 380231 1406603969867 1 1 True
1380929 2831353 1406730363753 2 2 True
3865987 2238546 1406838502720 2 1 False
3865987 2831353 1406840654800 2 1 True
2464658 497234 1407106405267 0 0 True
2631229 2600939 1407167890660 0 1 True
255365 497234 1407196779137 0 1 True
2464658 190597 1407325786777 2 2 True
2464658 497234 1407338069710 2 1 False
2631229 497234 1407512175563 2 4 True
3139566 3139566 1408309406370 0 -1 True
3139566 3139566 1408345313373 0 0 False
1816933 143880 1408871225583 2 3 True
1871399 3363553 1409304122617 3 2 False
3993318 2284221 1409441676273 1 1 True
3692521 497234 1409695174417 1 2 True
3420371 2464684 1409795680033 2 0 False
3420371 497234 1409832972023 2 3 True
3420371 2074277 1410410868673 1 1 True
3820963 380231 1411003749257 7 4 True
2595210 2831353 1411077106437 0 0 True
2595210 2595210 1411095510783 0 0 False
595985 4022494 1411379129440 1 1 True
1208142 487339 1411414901967 3 1 False
1208142 497234 1411428943703 3 5 True
3379903 497234 1411479300030 3 1 True
3379903 1595865 1411479713997 3 0 False
1208142 1208142 1411489188040 0 2 True
1208142 497234 1411491122793 0 1 False
2808117 4022494 1411720290273 1 5 False
2808117 731872 1411733426760 1 0 True
190894 931154 1411784596120 4 5 True
194586 190597 1412013019640 7 12 True
1673784 1673784 1412225724610 0 1 True
1230724 361691 1412563224373 2 1 True
3905909 497234 1412706956527 4 4 True
595985 595985 1413018651387 1 2 False
3663294 2141635 1413052366977 4 5 True
1870498 497234 1413773115333 0 2 False
2126725 1427416 1413781512413 0 2 True
1870498 1870498 1413904873783 0 -1 True
3420371 3983708 1414344683087 1 1 True
2506210 2851664 1414352662370 2 4 True
2506210 497234 1414360193890 2 1 False
2487607 1145901 1414470647500 0 2 True
4190738 497234 1414682638670 2 2 True
4068064 487339 1414717265213 1 4 True
1037475 497234 1414882915197 10 6 True
2648947 497234 1414884613453 2 0 False
2648947 2648947 1414885700193 2 2 True
1037475 497234 1414948681227 1 2 True
3649594 497234 1415059834803 2 2 True
2506210 4177384 1415117706390 1 3 True
4063143 249878 1415370740227 -1 0 False
4063143 4034387 1415371140743 -1 0 False
1037475 497234 1415380213973 1 2 True
4063143 4063143 1415464598203 -1 0 True
1848624 497234 1415826600170 2 3 True
4118406 497234 1415889371630 1 3 True
4258698 4256535 1416167271633 0 0 True
4258698 385833 1416170128810 0 0 False
755671 1306503 1416422043000 0 1 True
4205041 249341 1417036168663 2 1 True
4094559 2831353 1417189539380 0 1 True
1108888 497234 1417439973383 0 1 True
3081558 3081558 1417471858760 0 0 False
392975 135978 1417500159120 10 3 True
1260232 497234 1417715491690 1 1 True
3081558 1959808 1417737595393 0 1 True
1287112 1231929 1418163718783 1 0 True
1431804 2966723 1418276124040 3 3 True
4110754 2966723 1418504334373 1 2 True
2980081 2966723 1418524105890 0 0 False
4362092 704848 1418644144333 -1 5 True
2268355 497234 1418692046777 4 2 True
4219723 1078084 1418762980980 0 2 True
899470 899470 1418926711080 1 1 True
2230844 2230844 1419798428383 9 3 False
590676 325565 1419952302350 2 1 True
590676 497234 1419952745337 2 4 False
1816995 1231929 1420843027327 0 3 True
2030696 431033 1420870902567 3 2 True
4162313 497234 1420910199207 2 3 True
2514676 497234 1420910415973 3 0 True
4108376 4433386 1421016769597 0 0 True
2223106 2344211 1421443601873 0 1 True
2030696 2966723 1421659571907 0 1 True
2732959 190597 1422186133213 0 2 True
224254 44330 1422402268707 12 6 False
44330 497234 1422596737590 -1 1 True
2136806 4089859 1422635643690 0 0 False
2136806 2966723 1422692911477 0 1 True
4076764 1327235 1423094745113 2 2 True
4076764 2966723 1423098346360 2 2 False
505306 4433386 1423246742130 6 5 True
1503334 497234 1423445195287 2 2 True
2795733 764322 1423778242040 2 2 True
1819254 2966723 1424049974637 8 16 True
2795733 2966723 1424319654613 1 2 True
4103788 194586 1424569703710 0 2 True
1144382 497234 1424727249740 0 2 True
1549135 2615940 1424771793207 1 0 True
4607551 2966723 1424905542400 0 0 True
2030696 2030696 1424926629730 1 1 True
3605534 3923281 1425335122220 1 3 False
3605534 2966723 1425349429050 1 2 True
3605534 497234 1425503011390 0 1 True
3621464 497234 1425503288840 1 0 True
4631027 2966723 1425597299877 1 0 True
1600770 497234 1425737435917 0 4 True
3420371 497234 1425739800050 6 8 True
2795733 2966723 1425872707207 0 1 True
1600770 497234 1425948124617 0 2 True
1108782 1108782 1425976147860 0 0 False
1108782 497234 1425992621727 0 1 True
3797381 497234 1426004768237 1 2 True
2699288 3877338 1426015032420 3 2 True
1380929 497234 1426426938450 2 3 True
4666912 4433386 1426446368070 3 4 True
4666912 497234 1426448402573 3 1 False
4666912 497234 1426459034970 0 0 True
4666912 736937 1426460072820 0 0 False
4480139 1751129 1426526995837 0 1 True
2699288 704848 1426606205043 2 3 True
2096176 3923281 1426697340747 2 1 True
1976734 2966723 1426796447360 0 0 True
1267491 2966723 1426825420400 0 2 True
3676379 1499803 1427063068177 1 1 True
3253353 2966723 1427653592453 0 2 True
4480139 497234 1427813632043 0 1 True
3621464 2966723 1428092989043 3 2 True
3376557 699854 1428153849823 1 1 False
3816048 2750492 1428154150797 0 1 True
3797381 2966723 1428451929750 1 1 True
3072280 4663466 1428726438153 7 10 True
3072280 4596067 1428732921603 7 8 False
2778634 2966723 1428893624527 6 12 True
3376557 3376557 1429011828263 1 1 True
3797381 1479778 1429193481750 0 0 False
3797381 2966723 1429228921720 0 1 True
2370863 190597 1429378011467 1 2 True
4801237 1885713 1429385434697 1 1 True
2827771 1332509 1429656548647 3 2 True
2827771 2827771 1429659403417 3 0 False
2964982 1569064 1429664801727 2 5 True
4823239 704848 1429779652233 2 3 False
4823239 2966723 1429789324513 2 3 True
2663119 2966723 1429851545663 3 7 True
2236401 497234 1429905922063 3 3 True
2464658 1373804 1429921772910 2 4 False
1915888 1735756 1430078649927 0 1 True
888849 2966723 1430144656353 3 3 True
4846801 4663466 1430319085787 -2 0 True
1295112 2966723 1430363816530 17 3 False
2663119 2450629 1430633557157 1 2 True
3986879 2966723 1430766949027 6 7 True
3012255 4663466 1430887376183 2 2 True
1600653 704848 1430918582090 0 0 False
1600653 497234 1430938729503 0 1 True
2723240 4844502 1431008835853 0 2 True
1037475 1462633 1431075540110 10 1 False
1061193 4389116 1431094703380 4 1 False
2964982 3635816 1431428088053 0 1 True
2236401 190597 1431464718120 2 2 True
2498497 4907987 1431820046867 3 0 False
72987 196206 1431954796870 0 2 True
2784831 704848 1431975631690 1 1 False
2784831 2966723 1431986968230 1 1 True
4897383 2966723 1432158670297 0 2 True
633182 704848 1432206175773 2 3 True
4926318 2535611 1432423048310 116 244 True
3752895 566035 1432735445267 1 0 False
3752895 2047652 1432737173097 1 4 False
3752895 588071 1432737290440 1 4 True
2030461 784669 1433055424087 2 3 False
4334908 1089161 1433433517073 0 0 False
4334908 4334908 1433437417173 0 0 True
2494157 1405065 1433480594173 2 3 True
3990607 497234 1433561317203 2 2 True
4890392 699854 1433769473710 0 1 True
2203144 1949769 1433847987590 1 2 True
4984897 3731726 1433888462693 1 1 True
4720948 3150943 1433914163647 0 1 True
4926318 2966723 1433992740543 1 3 True
4602489 4472457 1434056665367 0 0 False
4602489 4445832 1434057271407 0 1 True
1672420 3678068 1434067177827 1 1 True
3511656 4177384 1434104680640 2 4 True
2035039 2966723 1434363383263 0 1 True
4923922 190597 1434391587737 1 4 True
356922 65889 1434456534433 18 3 False
678572 838992 1434538093463 21 12 True
4936870 4584258 1434652061023 4 3 True
4480139 2966723 1434734013223 2 2 True
2888125 4584258 1434988996963 1 1 True
4205002 4996248 1435073651617 2 0 True
4923922 1301827 1435153733493 0 1 True
4893246 547820 1435788674573 2 1 True
3062909 1301827 1435873070453 5 3 True
4698026 4698026 1435917792700 0 1 True
393816 974847 1435960476293 7 14 False
1534822 2966723 1436019595003 0 1 True
583227 190597 1436100845020 1 3 True
2699288 3877338 1436457906907 2 0 True
4480139 2097679 1436987206897 2 4 True
3847746 2966723 1437059636907 3 5 True
4698026 41316 1437213617910 1 2 True
912429 2966723 1437367361240 4 3 True
3010960 2966723 1437433395553 0 1 True
1673784 1209842 1437756982953 0 0 False
1019129 497234 1437857612257 0 2 True
2778634 2479115 1438111687727 6 4 False
3187841 5102932 1438452948850 2 1 False
3187841 3577601 1438454582607 2 1 False
3187841 2966723 1438465620943 2 0 True
1461850 4102977 1439219382840 1 1 True
1461850 2966723 1439331727370 1 5 True
5002316 1706564 1440137143617 2 0 False
5002316 5002316 1440147382300 2 3 True
140837 1499803 1440547039767 1 1 True
4678534 547820 1440857856743 1 2 True
5210165 14167 1441034662860 0 0 True
5256940 5256940 1441207614590 5 1 False
64911 3605497 1441223615847 0 1 True
4432226 2966723 1441228583597 0 0 True
855050 2966723 1441231643123 1 3 True
2514676 5304827 1441497023650 3 2 False
2818584 497234 1441634348190 3 3 True
635162 2966723 1441756547093 7 9 True
1712543 948550 1441783600157 1 2 True
1712543 2966723 1441789410470 1 2 False
1602492 4016674 1441832182870 3 1 True
1602492 2966723 1441840360713 3 2 False
1602492 1499803 1442002781903 2 0 False
1602492 2966723 1442008648983 2 1 True
4276651 3577601 1442027519910 1 1 True
3020849 817766 1442345483060 0 1 True
4179354 2966723 1442484984613 3 2 True
1602492 349948 1442495880727 2 0 False
1461850 1461850 1442581463690 10 3 False
1100594 2966723 1442769419140 1 2 True
1461850 2966723 1442844683207 10 18 True
3621464 497234 1442928740693 0 0 True
1069083 3106749 1443495141153 0 3 True
3440266 5227791 1443723674157 2 6 True
2593251 2593251 1443735431600 6 2 True
4276651 3990145 1443736362357 0 0 True
3847746 2966723 1443747633267 1 1 True
3067748 731872 1443798261417 0 1 True
1584115 5296743 1444136561083 3 2 True
2723240 2014591 1444181858047 0 0 False
1552080 1858151 1444400767407 0 0 True
5433114 5296743 1444571148007 2 0 False
5433114 3519000 1444579625120 2 1 False
1461850 5249307 1444646198683 3 5 True
5427537 5296743 1444668420300 2 1 True
709445 699854 1444678916390 5 3 False
709445 5296743 1444679574507 5 2 False
709445 2966723 1444681536463 5 4 True
1131142 2966723 1444690560733 1 1 True
1101009 2966723 1444730338550 12 0 False
5433114 2966723 1444786225073 2 1 True
5335345 2966723 1444795923840 1 1 True
1106598 5296743 1444842228403 5 13 True
5110870 5171169 1444852390487 1 0 False
5110870 26083 1444852974423 1 -1 False
5110870 2236401 1444852978597 1 0 True
5110870 1059396 1444852994827 1 1 False
5110870 3048786 1444853055290 1 1 False
2355256 2615160 1444856669160 1 0 True
5110870 2966723 1444877317780 1 1 False
1526562 4666991 1444899511087 2 2 True
245549 5227791 1445001720943 1 2 True
5110870 2831353 1445001721833 3 6 True
5110870 5296743 1445028572993 3 2 False
4783222 5296743 1445212375730 1 4 True
3649683 2631881 1445324216913 0 0 False
3649683 3649683 1445328442563 0 1 True
1461850 2966723 1445407289813 3 5 False
4353740 497234 1445702031733 2 1 True
5110870 5296743 1445862724263 2 1 True
5296743 5296743 1445868587870 1 0 True
5110870 5285891 1445878150217 0 1 True
924177 5296743 1445893060937 1 3 True
5110870 2966723 1445935679500 0 1 False
44330 44330 1445970800247 0 1 True
5427537 5296743 1445984611787 0 1 True
5110870 5296743 1446050709520 2 1 False
5110870 2966723 1446051385037 2 1 True
5110870 764322 1446054096003 2 1 False
4160889 5296743 1446230612093 1 0 False
5110870 5296743 1446239836623 1 1 True
5466273 5296743 1446252780363 2 1 True
4160889 2966723 1446294193727 1 0 True
4252332 5296743 1446510559437 2 0 False
5494528 5296743 1446512173390 0 0 True
4252332 801362 1446538180893 2 2 True
5520215 2966723 1446558590310 0 1 True
3767071 5296743 1446568325153 2 1 True
3767071 2966723 1446600669780 2 1 False
5110870 2831353 1446645371150 2 3 True
1274908 5526051 1446661818890 2 2 False
1303333 2831353 1446665126967 1 1 True
4313927 2848578 1446686448167 2 5 True
5256940 754456 1446802152717 5 2 True
64911 699854 1446922293327 0 1 True
64911 64911 1446923496063 0 0 False
4252332 1565828 1446994742640 0 1 True
4252332 908293 1447079325540 -2 0 True
5110870 3419537 1447080637513 0 2 True
5110870 2966723 1447100722950 -2 1 True
5110870 5296743 1447153084867 -1 1 True
3847746 5546210 1447220096303 0 -3 False
3847746 699854 1447276706790 0 2 True
3746156 2966723 1447390680503 0 0 True
2275815 3275538 1447451141827 0 0 False
2275815 5296743 1447496798833 0 1 True
5110870 5296743 1447499122560 1 1 True
3027481 4014959 1447610718743 2 4 True
4746920 5296743 1447618471307 2 0 False
1779730 497234 1447679813997 0 1 True
4746920 4746920 1447700440293 2 1 True
1609428 436569 1447723382863 3 0 False
678572 2966723 1447834512347 3 4 True
4783222 3902926 1447908492913 3 1 True
5110870 3169907 1448041681317 2 1 True
5110870 2966723 1448049582117 -1 1 True
3863003 1222578 1448251998613 1 5 True
5587098 1643946 1448379851770 1 0 True
1731887 2966723 1448481539687 0 2 True
1947177 1807667 1448539354087 1 1 True
1081468 2966723 1448541817650 13 4 False
2119807 1327005 1448706487753 0 0 True
2119807 2966723 1448744351380 0 0 True
1278616 497234 1448842903677 1 2 True
3485982 677122 1449141892893 0 1 True
5638621 699854 1449232408547 0 0 True
5587098 5587098 1449294054057 1 1 False
5192982 5296743 1449436009227 2 3 True
384719 4573247 1449501841260 0 1 True
4882806 2966723 1449558170537 0 0 False
637562 2966723 1449570983457 1 0 False
4882806 1643946 1449606156467 0 2 True
5454242 699854 1449649253513 1 3 True
5454242 1301827 1449661514910 1 2 False
2964982 1938621 1450313620657 2 2 False
5503983 5644961 1451180381563 2 1 True
3067748 2966723 1452026406260 0 3 True
3067748 2966723 1452081979407 1 1 True
3165737 190597 1452191080320 0 1 True
710734 1830895 1452201583980 1 2 True
2203144 547820 1452551188433 0 1 True
4005668 190597 1452559608643 4 3 True
3012441 5296743 1453365348057 1 1 True
5820105 1532460 1453366811533 0 0 True
1374618 3519000 1453373170267 3 2 True
5591958 5591958 1453400209247 0 0 True
5256940 1104263 1453700181963 5 2 False
704972 699854 1453756012530 1 0 True
1851837 85371 1453887178093 4 5 True
4975446 704848 1453924705970 1 1 True
1717931 497234 1454022486070 0 1 True
2699288 699854 1454085255920 1 1 True
5862701 497234 1454210256877 1 1 True
3067748 2966723 1454418002520 0 1 True
704972 190597 1454545296237 2 1 True
1575966 3118494 1454603172907 1 1 True
4541548 2699288 1454625469487 3 3 False
5859889 2966723 1454804137827 3 1 True
3768656 3768656 1454895257987 3 2 True
4541548 4541548 1454939464237 3 5 True
5539920 3986879 1454943922553 3 1 True
343215 497234 1454971475087 24 44 True
3088738 5050917 1455052497827 1 1 True
3767071 2966723 1455104814917 0 1 True
3088738 5915412 1455220248940 0 0 False
3088738 444036 1455220335303 0 0 True
4604820 190597 1455459708813 1 1 True
4604820 832404 1455461088480 1 0 False
2715877 1347807 1455747402870 1 1 True
5110870 3257992 1455794295677 1 1 False
5110870 190597 1455795998487 1 2 True
2715877 2715877 1455827991207 0 0 False
2715877 1347807 1455836073757 0 1 True
602969 2831353 1455898967147 5 1 True
5313508 180962 1456316971160 1 1 True
2275815 1461850 1456491713837 0 0 False
2275815 497234 1456535444390 0 0 True
4975446 906693 1456554803027 0 1 True
5992807 4693928 1456652191717 1 0 True
5539920 4414141 1456671657010 1 0 False
5539920 1074116 1456674700843 1 2 True
5930749 5930749 1456776951007 0 0 True
6001663 699854 1456841487663 1 1 True
2396502 2699288 1456908421350 1 2 True
3882859 2966723 1457037725957 6 7 True
5110870 2966723 1457054798547 1 1 False
5110870 380231 1457065103930 1 4 True
678572 699854 1457083395957 1 0 True
5513383 497234 1457225584710 0 0 True
5110870 699854 1457354250507 0 2 True
5110870 2171857 1457525666790 3 3 False
5110870 2144669 1457528968680 3 3 True
1831098 1139393 1457899004303 0 2 True
5727013 2966723 1458173084400 0 0 True
3999760 2966723 1458285673190 1 2 True
1680859 648265 1458437836970 2 1 True
1680859 497234 1458505425373 2 1 False
3685486 2966723 1458591387413 2 2 True
5854721 2966723 1458689333933 0 1 True
2396502 180962 1458829867580 2 10 True
3067748 1499803 1458905253830 4 2 False
3067748 3412611 1458905481670 4 2 True
1748450 2966723 1459113095117 0 1 True
4056736 2868335 1459281735923 0 1 True
2812237 4502095 1459349798393 0 0 True
5110870 3510736 1459359271990 3 1 True
2666270 3969102 1459446513327 1 1 False
3659858 497234 1459606259480 0 1 True
902547 429982 1459632140947 0 1 False
902547 497234 1459637576647 0 3 True
6076804 699854 1459711647990 0 0 True
3939696 497234 1459798984367 0 1 True
1841973 6107173 1459920091677 8 5 False
2255198 1301827 1459952696027 0 1 True
1252280 754456 1460025113377 0 1 True
1252280 754456 1460025943253 0 2 True
3689314 2966723 1460076308153 0 2 True
5110870 4320738 1460139311513 2 2 True
2778634 3924566 1460178345200 6 1 False
5110870 6144626 1460202540547 2 1 False
5110870 6004486 1460203266147 2 2 False
5110870 5110870 1460370959757 2 1 True
5110870 6187538 1460387440797 2 1 False
5110870 1833960 1460387790033 2 2 False
5110870 521776 1460388033360 2 1 False
5110870 764322 1460388514610 2 2 True
5856795 948918 1460411668090 -1 0 True
6147822 1701296 1460446028693 0 1 True
6194832 497234 1460489704007 2 1 True
1829370 497234 1460570890443 0 1 True
1829370 1829370 1460657253800 0 0 False
3398536 3187458 1461179422450 1 0 False
3062909 5193319 1461245723427 5 2 False
5193319 2966723 1461361735897 0 1 True
6256711 2849663 1461680161087 0 7 True
3485982 2177056 1461700927430 0 0 False
3398536 4096377 1461745684567 1 0 True
6194832 4096377 1461746032193 2 1 False
2666270 4096377 1461749058747 1 1 True
5110870 599792 1461763568867 0 2 True
5110870 699854 1461765108437 0 1 False
914874 5110870 1461767855940 2 0 False
3485982 2450629 1461793535837 0 1 True
5110870 2450629 1461805375387 0 1 True
5123882 497234 1462113567657 0 0 True
5110870 2637998 1462531387527 1 0 True
5110870 2966723 1462576570360 1 2 False
487993 5407853 1462591545893 10 0 False
1339950 497234 1462662623237 0 2 True
5158988 2966723 1462946548507 1 1 True
5642408 2482744 1463048539897 1 2 False
4405852 699854 1463256740440 0 1 True
6351909 539465 1463597630727 3 2 True
6351909 901925 1463600424987 3 4 False
4926318 6356822 1463670199903 116 3 False
5110870 2966723 1463679137720 2 4 False
5110870 2966723 1463679279530 1 4 True
5110870 5110870 1463683153327 2 1 True
5566841 1225744 1463845978950 1 2 True
3067748 2666859 1464381363157 3 3 False
3067748 2121597 1464395959323 3 3 True
6128929 5732397 1464401090560 6 0 False
6128929 497234 1464441935700 6 4 False
6259729 190597 1464568235150 1 2 True
5642408 6128929 1464763312503 1 0 True
6049154 4978569 1464797168533 0 2 True
6423856 4876196 1465071908347 2 2 False
6423856 2132213 1465073429070 2 2 True
1404853 5853731 1465338335193 5 2 False
401828 604456 1465473905190 1 1 True
4981808 1301827 1465662237347 1 2 True
2593251 4479188 1465929518160 6 5 False
2059807 3067748 1466455449663 1 1 True
874829 3293881 1466689340543 5 2 False
874829 613246 1466770098757 5 1 True
5110870 5296743 1467085813693 1 1 True
5110870 497234 1467291671517 0 1 True
6387860 497234 1467395185677 1 0 True
5110870 497234 1467721809810 0 2 True
3767071 497234 1467851779643 0 1 True
4632027 4632027 1467908301143 1 0 True
416626 5360901 1468005430243 9 4 False
6468053 2966723 1468254744303 2 2 True
5719657 6592114 1468557563417 1 4 True
6468053 2966723 1468732052337 0 1 True
6516598 1060350 1469089606923 -1 0 True
2818584 5558281 1469694284987 3 2 True
6003886 4357938 1470158190723 3 0 True
923757 539465 1470308272867 0 1 True
6691147 6691147 1470829100657 0 0 True
3673555 539465 1470855725153 0 1 True
1841973 3995094 1470858007327 8 4 False
868908 190597 1470877870130 0 3 True
6049154 6706509 1470943994230 0 0 False
6049154 2539738 1470944012587 0 2 True
887074 539465 1471389232287 0 1 False
887074 1400793 1471390207660 0 1 True
3602112 293594 1471467468210 2 2 True
3692399 497234 1471870409343 1 2 True
735445 1628638 1471888512537 5 4 False
888849 6752552 1472044691000 3 1 False
6769082 4136588 1472458412733 0 1 True
2778634 1411980 1472549685197 6 2 False
260217 497234 1472995212083 1 1 True
3526271 494076 1473113625513 3 2 True
3526271 3526271 1473157142983 3 0 False
2264936 3691303 1473245183377 3 1 True
2952883 901925 1473286278677 1 0 True
2707864 2966723 1473389386437 0 1 False
2707864 2707864 1473511375633 0 0 True
4926318 2445025 1473560125457 116 3 False
4127330 3510736 1473954299060 2 5 True
266198 1987319 1474052419370 4 0 False
266198 3510736 1474053400380 4 4 True
266198 2950135 1474079759780 4 2 False
1274613 497234 1474211843830 0 1 True
2013419 277113 1474285977397 8 1 False
3809375 497234 1474404364650 10 15 True
6857713 3621464 1474455423467 1 1 True
678572 5285918 1474502775507 3 3 True
1274613 1853227 1474506938620 0 -1 False
678572 5285918 1474568783820 0 2 True
3809375 497234 1474637472060 0 1 True
678572 2912349 1475625650353 14 11 True
4930914 2966723 1475645122070 -1 1 True
5015569 2912349 1475691045473 0 2 True
5110870 2966723 1475875130370 0 2 False
5110870 1853227 1475882243547 0 1 True
1037475 2351838 1475907400060 10 0 False
1747771 497234 1475932337400 0 1 True
6941877 3510736 1475948532287 2 3 True
4656411 2966723 1476829379513 0 2 True
5110870 2912349 1476870784607 0 1 True
5110870 3510736 1476874515720 2 2 True
5110870 497234 1476970986743 0 1 True
5110870 2912349 1476981132177 0 1 True
6429576 497234 1476985932593 3 4 True
6429576 4473191 1477056203800 0 1 True
6429576 2966723 1477087475700 -1 2 False
6429576 3364446 1477087580100 -1 1 False
6429576 5247911 1477087778293 -1 0 False
6429576 5315695 1477088000557 -1 1 True
6921509 4466895 1477126202423 4 4 True
678572 7056550 1477127960937 3 0 False
7062796 2966723 1477291522033 1 0 True
2918960 497234 1477578844243 0 1 True
2983638 2983638 1477699301043 0 1 True
3899735 4541548 1478878506190 3 2 True
4282098 4282098 1478883394627 1 0 True
5248253 497234 1479500374220 1 2 True
2297589 180962 1479753054377 0 1 True
7034886 7034886 1479820858950 0 0 True
7031123 3421633 1479839340743 0 1 True
343215 5288455 1479842926427 24 1 False
7031123 7031123 1479850290870 0 0 False
7195484 494076 1479932493480 0 1 True
2106088 6451573 1480278356203 1 1 True
4512945 2966723 1480381371377 0 0 True
7208490 5839618 1480397938873 0 1 True
4125790 1279648 1480500338510 0 1 False
4125790 2966723 1480501021353 0 1 True
354134 5426033 1480657434450 4 0 False
7077559 3705840 1480707864820 0 0 False
7077559 3826759 1480708157710 0 0 True
7077559 4531270 1480714073880 0 0 False
3813057 6696049 1480808250923 1 3 True
1087908 6696049 1480858814950 -1 1 True
6062551 323407 1480888724180 0 1 False
6062551 305883 1480894623530 0 1 True
7013458 7013458 1481099605523 1 1 True
1071516 1786476 1481231551303 13 2 False
1040927 1040927 1481304762360 1 1 True
3154996 6696049 1481305469533 0 1 True
697363 697363 1481570583523 0 0 True
4926318 1320284 1481809679810 1 0 False
1164353 1832058 1481928085670 0 1 True
7338049 4492932 1482615543957 1 0 True
4873839 1090791 1482940350610 0 1 True
4873839 5043793 1483002841897 1 2 True
7288560 2966723 1483680119177 0 3 True
5934305 682797 1483693481940 1 1 True
4378608 768194 1483892851070 0 0 True
1379390 5043793 1484369930160 0 3 True
3760875 3760875 1484605213897 0 0 True
3760875 6439551 1484650855613 0 0 True
4605629 2225682 1484838812290 0 0 False
4605629 6696049 1484847299253 0 2 True
1544674 7438048 1485153911207 1 2 True
6776607 6197649 1485293096843 0 1 True
2760331 3218627 1485340953837 -1 2 True
5368493 6696049 1485364888150 0 1 True
6062760 497234 1485375961220 0 1 True
6678131 6486738 1485618564110 0 0 False
6678131 4692017 1485618737780 0 0 True
5533078 5533078 1485624707877 0 0 True
5782275 6696049 1485886468183 0 1 True
3267763 752843 1485894494807 3 1 True
3267763 7487361 1485897757400 3 0 False
3267763 7259331 1485897815887 3 0 False
7498702 6696049 1485949542880 0 0 True
6813373 11654 1486039716230 0 2 True
3067748 497234 1486057508950 0 1 True
5047436 2605317 1486284050953 0 1 True
5355343 2575259 1486459265593 1 1 True
7272186 699854 1486597456173 0 0 True
5110870 6912707 1486737038683 0 2 True
5047436 497234 1486825019843 0 1 True
6840039 2966723 1486843010290 1 3 True
2470728 5110870 1486976777317 1 0 True
3067748 4706171 1487078938293 2 3 True
7272186 2966723 1487114633773 0 2 True
5110870 5110870 1487248088920 0 1 True
7272186 7272186 1487282402073 0 0 True
590847 6696049 1487418903857 0 1 True
1019129 2966723 1487529910873 0 2 True
5669565 1643946 1487680544010 0 1 True
5110870 6160119 1487840060413 2 1 True
5434654 4850343 1487899497470 2 1 True
6105838 596951 1488052079587 0 1 True
4571934 4488105 1488318538937 0 1 True
515028 1853578 1488387096550 4 0 False
2933485 2933485 1488453767660 1 1 True
5337399 5049524 1488466235120 1 3 True
7421972 1499803 1488591052617 0 0 True
1019129 4492932 1488747780960 1 2 True
7580111 5049524 1488819905770 0 0 True
7308924 5049524 1489058139807 0 1 True
4721115 213550 1489087793240 1 2 True
179520 5043793 1489138363483 1 2 True
2778634 4417483 1489163472910 6 3 False
7421972 4492932 1489265499763 0 1 True
2365460 497234 1489271715697 1 2 True
7709008 180962 1489577868593 1 0 True
7648015 1643946 1489588464163 0 0 True
7695582 5049524 1489875744403 0 0 True
923757 7335256 1490066909340 0 0 False
3196845 7019037 1490227545613 1 1 True
6098757 5049524 1490363032823 0 0 False
6098757 2966723 1490371446150 0 0 True
2500394 2966723 1490371948560 0 1 True
3658166 2040251 1490547840650 1 1 True
1071516 3297428 1490553967577 13 1 False
7775827 2357112 1490640672193 -2 0 True
6231251 2912349 1490697764013 2 1 True
7099472 123695 1490711187240 0 0 True
678572 2750492 1490743696453 0 2 True
7308924 6696049 1490877337853 0 1 True
4750308 2912349 1491210622813 0 -1 True
1128571 2966723 1491284393920 1 2 True
1087908 2912349 1491402242463 0 1 True
7814558 2966723 1491416136370 2 2 True
1783398 4492932 1491422396210 0 1 True
1783398 2966723 1491449218737 1 0 True
5664775 2966723 1491508833750 2 2 True
7687981 4701228 1491712112457 3 2 False
7687981 7311767 1491712172030 3 2 False
7687981 2901002 1491716175567 3 2 True
7687981 6760995 1491831042757 0 1 True
7844331 2966723 1491836899690 0 0 True
6840039 4124317 1492036270067 -1 1 True
1209885 497234 1492054666527 2 2 True
7527680 131187 1492107102917 0 0 False
7527680 5827215 1492108854007 0 1 True
1800888 497234 1492264921017 0 0 True
7869524 2966723 1492381982583 0 1 False
7869524 1643946 1492438076123 0 1 True
7687981 5853731 1492450135807 1 2 True
5802202 2966723 1492532372253 0 0 True
7814558 3737918 1492599926677 2 1 True
7814558 213550 1492614474447 2 1 False
1937951 4983450 1492647210150 1 3 True
1937951 4492932 1492648923840 1 1 False
5431132 2912349 1492694916320 2 3 True
5431132 213550 1492717356447 2 1 False
2925213 2912349 1492729908113 0 1 True
5272693 2912349 1492774706033 2 1 True
5413088 7802200 1492801358940 0 1 True
7905564 7802200 1492878735277 5 0 True
4612998 2966723 1492915349760 4 2 True
4860959 7217414 1492956852973 0 0 True
7128915 7802200 1493161808630 1 1 True
7421972 3737918 1493195549967 1 2 True
7687981 7802200 1493325560677 1 1 True
678572 4124317 1493471006557 1 3 True
7687981 7687981 1493648408823 0 0 True
6041010 7955173 1493781907587 0 1 True
5015683 2666859 1493809533850 3 3 True
6184368 1902741 1493907523437 2 1 True
1480796 2966723 1493917600940 0 1 True
4953909 4952130 1493991715290 1 2 True
7520998 5712523 1494040916383 -1 1 True
5056548 7964358 1494139659007 -2 1 True
1181744 1181744 1494372622483 2 0 True
3019818 4124317 1494497166560 1 1 True
7826133 2912349 1494590487150 0 1 True
2487607 1126841 1494614251547 0 1 False
2487607 5014455 1494614517920 0 1 True
2720497 7802200 1494819305357 0 0 True
7580878 7964358 1494947768343 1 0 True
2005415 5367428 1495352668107 1 1 False
2005415 5249307 1495353513933 1 1 True
1988876 7614337 1495417648900 39 0 False
6128929 2005415 1495538674157 6 1 True
807093 6919670 1495574174863 0 1 False
5110870 4124317 1496063504443 1 1 True
6176884 7747422 1496336893803 0 2 True
2666270 190597 1496409945800 2 1 True
4104063 4104063 1496828321017 0 0 True
4623370 495504 1497059063177 2 2 True
3494082 2966723 1497068571147 1 1 True
7492420 3510736 1497432366453 1 1 True
8065711 327694 1497468143530 1 0 False
8065711 2966723 1497468888010 1 1 True
5110870 2966723 1497557861957 0 1 True
6630397 6447635 1497652503060 1 3 True
601908 6696049 1497797007133 0 2 True
3368526 497234 1497805583713 0 2 True
5622355 190597 1497918735527 1 2 True
6098757 3427404 1498061044953 1 1 True
5779822 4124317 1498117510487 2 3 True
704972 539465 1498170950827 0 0 True
3649683 2989763 1498233093963 0 0 False
1052985 7321942 1498498827477 1 1 True
1937951 7321942 1498499211873 0 4 True
5110870 190597 1498560530090 0 1 True
2386054 2442196 1498581761297 10 1 False
4639580 2966723 1498581816573 -1 0 True
5145725 190597 1498650221437 0 0 True
5145725 4125080 1498747430740 0 0 True
3494082 901925 1499042287863 0 0 True
1136015 2357112 1499178564953 0 1 True
6258660 7085711 1499357805080 0 1 True
5005808 4125080 1499697169823 1 0 True
8006378 6517541 1499709352227 0 1 True
8167749 7054628 1499977512667 2 2 False
8167749 5103802 1499977637920 2 2 True
2827771 1414809 1500203320387 3 1 False
735445 1414809 1500203826073 5 0 False
616404 7770781 1500526232700 2 4 True
616404 4124317 1500551065167 2 2 False
766767 2320035 1500742909313 0 1 True
5290980 2666859 1500975871520 2 1 True
184046 1060349 1501003472157 7 0 False
6178593 2487692 1501012880530 1 1 True
6178593 2966723 1501018602290 1 0 False
8369579 2320035 1501070865497 0 0 True
4588820 7883587 1501141185137 0 0 True
4588820 4588820 1501163101843 0 1 False
8167749 2966723 1501390979260 0 1 True
4656307 4492932 1501652281623 1 1 True
4717138 2966723 1501702108350 0 2 True
4492932 2966723 1501745262967 0 1 True
5191953 5049524 1501753167800 0 1 False
4717138 2966723 1501784462350 0 1 True
5191953 5191953 1501851627733 0 0 True
8417531 8419209 1501876561753 1 2 True
4717138 539465 1501961577013 0 1 False
4717138 2966723 1502035088693 0 1 True
5859889 8426987 1502084739720 3 0 False
8302613 4121573 1502113562283 2 1 True
868908 7931652 1502128388113 2 0 False
4737417 6517541 1502210556307 2 2 True
4717138 2966723 1502320092753 0 1 True
8296304 4880830 1502332599380 2 1 True
8296304 8160718 1502357597573 2 1 False
1584115 2224000 1502728009850 3 1 False
5165294 497234 1502745123907 0 0 True
5165294 2357112 1502753746133 3 4 True
306839 2224000 1502774581953 11 1 False
6048114 6048114 1502977764667 0 0 True
637562 3407933 1503083693233 1 1 True
8061451 2666859 1503116673037 1 2 True
6865095 5110870 1503175441683 2 1 True
1136015 2966723 1503580689927 -1 1 True
