155726 164546 2009-09-24T03:45:57.897 4
155726 151353 2009-12-04T08:33:14.457 2
247873 1422778 2010-01-11T14:33:43.937 1
204623 204623 2010-01-25T08:31:59.060 5
204623 174728 2010-01-28T21:11:50.700 1
204623 8206 2010-01-29T06:19:47.063 4
198633 260644 2010-03-05T00:57:21.747 10
330392 143804 2010-05-01T14:52:25.720 3
330392 174728 2010-07-26T13:39:26.867 1
428370 398968 2010-08-23T12:07:02.183 2
456789 497234 2010-11-04T15:00:10.413 24
323874 497234 2010-11-08T10:54:30.703 26
204623 497234 2010-11-08T10:59:35.333 4
499323 66549 2010-11-18T01:47:33.533 3
456789 497234 2010-11-20T17:03:08.697 1
426176 434217 2010-12-06T13:55:22.830 2
84399 546883 2010-12-27T12:01:15.747 5
367319 497234 2011-01-15T14:37:07.847 2
499323 188456 2011-01-19T19:40:14.167 1
285070 146821 2011-04-16T00:05:14.937 11
58657 146821 2011-04-16T00:07:09.590 2
710807 157880 2011-04-16T17:23:55.197 0
429850 538718 2011-04-29T05:28:13.897 9
27274 497234 2011-05-04T03:01:07.157 4
813260 497234 2011-06-24T01:52:47.847 3
157880 144537 2011-08-17T19:04:40.300 7
454773 497234 2011-09-29T03:36:05.037 9
514874 497234 2011-10-11T12:23:53.273 0
972432 2246 2011-10-16T11:32:03.070 1
640558 843822 2011-10-17T22:10:45.970 3
640558 843822 2011-10-20T23:36:10.327 4
807522 497234 2011-10-25T13:00:47.233 1
348081 166749 2011-10-25T17:45:16.570 7
348081 235700 2011-11-15T17:04:02.217 0
963734 584347 2011-11-24T09:45:35.270 5
464277 489582 2011-11-25T02:36:04.480 1
1080598 584347 2011-12-05T08:26:43.737 2
1101009 497234 2011-12-16T00:54:31.383 0
1101009 526510 2011-12-30T09:10:10.657 3
640558 856780 2012-01-09T15:35:36.257 3
842609 1049678 2012-01-10T15:56:44.533 9
1101009 497234 2012-01-22T15:21:42.017 3
640558 535275 2012-01-25T21:01:46.633 2
640558 856780 2012-02-04T22:26:58.717 22
565879 260243 2012-02-16T17:45:48.677 2
565879 166749 2012-02-21T18:06:52.087 9
997704 1139393 2012-02-24T13:16:57.427 9
331719 624900 2012-02-27T17:53:34.893 13
2683 704848 2012-03-05T13:47:06.303 3
394747 249341 2012-03-08T17:14:45.417 13
345553 843822 2012-03-24T16:57:17.663 15
1317221 916657 2012-04-06T10:36:01.857 2
1317221 843822 2012-04-06T19:40:04.393 3
1317221 692799 2012-04-08T10:31:11.883 0
1320502 21640 2012-04-09T11:00:50.327 4
640558 1218673 2012-04-10T17:25:07.867 0
1039678 885443 2012-04-11T11:29:55.210 8
657215 843822 2012-04-15T01:48:18.437 0
1118236 1118236 2012-04-15T05:02:10.260 15
758158 758158 2012-04-22T13:02:21.007 1
713087 713087 2012-04-23T12:10:35.907 1
1400262 885443 2012-05-28T09:56:22.657 4
1131681 885443 2012-05-29T11:56:52.703 2
1131681 885443 2012-06-01T19:09:37.260 3
1117550 559644 2012-06-07T02:27:03.077 2
1290420 1290420 2012-06-11T18:29:12.437 8
813260 497234 2012-06-15T19:28:07.120 8
1101009 1253677 2012-06-20T17:38:39.530 3
886133 886133 2012-06-20T19:08:03.630 2
1461209 1177025 2012-06-27T08:10:37.130 1
1256988 497234 2012-07-04T13:26:17.640 7
1504267 497234 2012-07-06T18:20:45.607 1
997704 198633 2012-07-10T20:39:20.070 0
455637 497234 2012-07-14T13:27:20.313 55
536538 497234 2012-08-02T14:05:13.590 6
1575367 497234 2012-08-04T13:54:06.993 22
1042359 1215031 2012-08-04T18:31:43.123 7
488517 656261 2012-08-06T20:10:54.523 2
1342259 1175813 2012-08-08T19:59:48.743 0
478514 624900 2012-08-20T17:39:04.227 8
1036719 772649 2012-08-22T06:37:45.123 3
348081 1552021 2012-08-23T14:50:11.443 2
1664992 843822 2012-09-12T08:11:13.493 2
478514 497234 2012-09-18T02:22:11.570 1
1199589 1546364 2012-10-02T10:18:58.170 0
538256 538256 2012-10-17T13:33:18.663 4
257583 497234 2012-10-24T00:06:46.997 17
1772523 497234 2012-10-24T22:23:53.133 2
190894 497234 2012-10-24T22:27:28.843 2
779784 1775079 2012-10-25T18:10:27.787 4
536538 497234 2012-11-17T03:15:06.447 0
952257 497234 2012-11-22T15:38:32.473 2
1281171 190597 2012-11-22T17:57:32.510 38
1338403 190597 2012-11-24T23:35:35.320 3
1343022 497234 2012-11-24T23:38:35.503 4
950625 190597 2012-11-25T15:32:11.103 1
626537 190597 2012-11-29T17:57:43.120 11
204623 626537 2012-11-29T20:53:12.283 0
1690293 1680562 2012-12-04T06:48:34.107 2
1458387 1888184 2012-12-09T05:29:15.433 3
1458387 497234 2012-12-11T15:26:09.283 13
1890166 497234 2012-12-13T23:24:03.840 4
1890166 497234 2012-12-14T03:34:36.777 1
1246632 949289 2012-12-15T11:39:55.113 10
1921931 190597 2012-12-21T17:55:57.457 1
555804 190597 2012-12-23T14:33:08.050 7
1018513 1018513 2012-12-24T10:49:18.490 2
787319 733291 2012-12-29T11:07:05.160 6
672387 308903 2012-12-31T10:04:17.460 1
1080598 497234 2013-01-05T19:34:02.227 1
967143 956974 2013-01-10T09:36:41.150 1
967143 497234 2013-01-11T00:49:37.843 5
1974371 497234 2013-01-13T20:18:25.893 4
1706564 584347 2013-01-16T09:08:38.000 12
1076268 497234 2013-01-21T17:53:36.173 5
1411980 497234 2013-01-31T13:46:10.923 4
394747 593370 2013-02-01T07:30:44.623 8
1115277 1115277 2013-02-02T23:08:48.720 15
1772523 2051684 2013-02-07T17:00:21.120 1
1551177 2051684 2013-02-07T17:04:07.950 1
2055485 497234 2013-02-09T15:54:50.333 4
2002303 604364 2013-02-14T07:23:57.437 3
845169 497234 2013-02-15T19:49:08.140 0
1749223 497234 2013-02-18T21:26:34.607 11
1411980 1634414 2013-02-22T16:38:10.227 3
971956 497234 2013-02-25T14:16:37.653 1
682632 380231 2013-03-05T19:34:27.837 0
682632 717357 2013-03-06T14:57:07.040 2
1091766 1217358 2013-03-08T05:17:09.913 4
2159173 2159173 2013-03-15T04:15:26.707 3
293962 497234 2013-03-15T16:15:03.883 1
2155072 497234 2013-03-16T20:17:54.227 1
677712 1888451 2013-03-17T19:07:05.290 11
1526421 1526421 2013-03-18T20:14:52.980 0
2137255 190597 2013-03-20T19:13:57.333 2
640558 135043 2013-03-21T05:35:32.427 3
1731887 497234 2013-03-21T14:11:40.507 18
1009091 497234 2013-03-24T12:09:52.020 12
672387 1290420 2013-03-27T07:36:47.053 1
1254498 910052 2013-03-27T09:13:06.207 1
135043 190597 2013-03-27T10:17:53.470 9
1313845 380231 2013-03-31T01:57:32.900 2
905132 190597 2013-04-01T03:25:42.557 4
947933 1290420 2013-04-06T20:25:27.687 1
980524 497234 2013-04-10T12:44:37.677 4
1043144 2218938 2013-04-16T09:26:59.520 0
902885 249341 2013-04-19T19:37:36.577 4
1043144 1290420 2013-04-19T21:43:53.583 4
1848624 1361822 2013-04-23T16:44:09.010 1
1863061 835351 2013-04-30T20:55:51.240 2
2059942 2348178 2013-05-03T20:08:16.260 4
1448607 497234 2013-05-07T11:30:11.540 2
1574687 1574687 2013-05-10T20:54:16.513 11
284696 497234 2013-05-14T13:12:01.917 4
1628971 683020 2013-05-14T16:44:13.330 2
446185 497234 2013-05-18T19:53:22.383 8
1043144 497234 2013-05-25T11:37:54.430 4
1075163 1075163 2013-05-29T09:53:08.413 1
2338725 1960027 2013-05-30T06:19:56.890 6
2435187 1172002 2013-05-30T06:57:24.243 0
735445 497234 2013-06-04T10:05:51.140 3
1676714 1290420 2013-06-04T17:15:32.850 3
1253724 497234 2013-06-06T11:44:47.743 2
904316 904316 2013-06-06T23:44:56.133 1
2055448 603094 2013-06-08T11:21:58.503 4
1219089 1290420 2013-06-08T19:16:44.040 3
1219089 497234 2013-06-12T11:00:16.723 5
1166411 249341 2013-06-13T04:48:21.753 2
1166411 846892 2013-06-13T06:08:39.557 3
1166411 535665 2013-06-14T13:20:25.510 9
1166411 732396 2013-06-18T09:06:53.547 2
348081 2225682 2013-06-20T02:39:05.443 4
1919445 497234 2013-06-23T13:36:41.810 3
735445 497234 2013-06-23T13:42:36.213 3
1104823 2264861 2013-06-24T16:01:22.537 4
626537 2264861 2013-06-25T06:16:53.480 19
1104823 2264861 2013-06-30T08:44:32.527 12
1422056 735445 2013-07-02T06:03:12.120 5
1274908 2264861 2013-07-02T21:28:15.750 3
1166411 1448070 2013-07-03T06:41:22.570 1
2547754 190597 2013-07-03T19:20:09.627 3
1274908 2264861 2013-07-03T20:43:14.433 6
2548932 2233321 2013-07-04T05:36:13.787 1
2549262 497234 2013-07-04T13:13:43.640 1
2161725 1290420 2013-07-06T06:39:06.997 1
2029695 686806 2013-07-07T21:22:17.123 3
475982 2264861 2013-07-14T08:39:54.483 2
2548932 117919 2013-07-15T09:19:00.867 5
2594224 190597 2013-07-18T10:05:43.303 5
2584479 2264861 2013-07-24T09:40:04.877 5
2287805 156771 2013-08-03T08:18:14.280 1
1444859 497234 2013-08-03T16:54:05.200 3
1325421 380231 2013-08-14T13:09:35.557 5
1274908 1274908 2013-08-14T20:29:08.887 5
710408 497234 2013-08-14T23:57:07.770 0
1104823 1104823 2013-08-17T17:10:56.873 1
1885713 1643946 2013-08-22T11:09:44.930 1
1113159 564538 2013-09-01T23:38:07.220 12
1274908 497234 2013-09-07T13:57:01.490 2
2584479 497234 2013-09-17T20:54:22.823 4
1219801 1219801 2013-09-21T15:13:23.523 3
2438587 2438587 2013-10-02T18:51:01.760 1
2551431 2551431 2013-10-04T21:06:37.537 1
1840816 2230844 2013-10-06T11:18:38.657 0
1695437 497234 2013-10-14T08:42:49.663 1
218900 897489 2013-10-14T09:58:06.137 4
446185 349948 2013-10-16T13:02:15.820 1
1695437 497234 2013-10-16T23:09:21.203 3
1444859 2097171 2013-10-23T01:39:25.797 1
446185 1265154 2013-10-25T10:56:02.573 5
204623 2072191 2013-10-27T16:36:54.437 14
2601331 1186954 2013-11-04T12:53:34.430 1
1919445 497234 2013-11-07T23:52:45.750 1
2002014 497234 2013-11-10T16:32:12.240 1
155726 479736 2013-11-12T15:07:17.993 0
308254 497234 2013-11-12T23:58:46.663 3
1709538 472876 2013-11-13T18:04:41.243 0
472876 472876 2013-11-13T18:14:41.790 0
1383444 1383444 2013-11-15T23:48:06.333 4
334688 462604 2013-11-18T10:15:54.543 5
1059388 497234 2013-11-20T16:44:06.750 0
1419272 1643946 2013-11-25T20:47:45.160 4
2326416 156771 2013-12-09T23:17:11.157 2
2841098 2890724 2013-12-10T22:24:39.987 2
190806 1225825 2013-12-12T06:01:55.033 46
1661473 497234 2013-12-13T00:35:04.083 3
1013754 497234 2013-12-18T00:54:12.560 7
1274908 497234 2013-12-18T16:24:22.487 6
3138024 1274908 2013-12-27T14:06:25.920 4
574043 171236 2013-12-29T16:41:42.310 0
316957 3169644 2014-01-09T19:09:59.897 3
1228491 1281485 2014-01-10T11:44:15.773 2
1306819 1704279 2014-01-13T19:55:44.940 0
1704279 1704279 2014-01-28T22:22:05.513 0
1886743 110026 2014-01-30T03:23:04.300 4
1406141 1692107 2014-02-04T12:04:17.480 0
2286035 2347296 2014-02-07T12:55:50.093 3
849354 1643946 2014-02-13T10:30:53.397 7
3290696 3290696 2014-02-14T00:01:23.913 0
2470728 1643946 2014-02-15T13:41:34.627 1
2030378 497234 2014-02-16T13:45:43.533 7
538603 497234 2014-02-19T00:22:31.430 3
3314418 1643946 2014-02-20T12:34:25.727 2
1816184 497234 2014-02-21T01:08:50.487 2
2286035 497234 2014-02-23T01:43:52.873 2
344568 497234 2014-02-23T20:03:43.300 1
1379390 283344 2014-02-25T20:00:22.587 1
2286035 2831353 2014-02-26T17:04:54.647 2
2639724 604364 2014-02-27T00:07:14.623 2
2286035 377366 2014-02-27T14:48:53.663 3
2639724 494076 2014-03-02T08:48:13.700 1
2449211 349948 2014-03-03T15:39:26.460 3
1848624 3148952 2014-03-03T16:41:55.850 2
3380374 249341 2014-03-04T19:20:08.577 7
2970710 1178602 2014-03-08T18:07:09.347 3
3360015 704848 2014-03-10T10:11:43.873 2
2572413 497234 2014-03-11T02:19:35.600 5
2958527 3001761 2014-03-14T23:31:08.750 1
2958527 497234 2014-03-15T03:01:16.483 0
3368539 7432 2014-03-15T13:37:15.660 1
1846092 270572 2014-03-15T20:58:16.090 3
3368539 861364 2014-03-16T13:01:09.063 0
2639724 497234 2014-03-17T15:41:39.980 4
2286035 3001761 2014-03-21T10:32:37.907 1
2286035 249341 2014-03-24T14:00:54.937 5
2286035 538284 2014-03-25T17:06:04.370 2
3449019 704848 2014-03-26T16:02:52.100 3
1418224 497234 2014-03-27T15:30:40.327 5
3470911 704848 2014-03-28T09:52:44.647 3
3449019 474516 2014-03-28T11:53:41.143 0
2543622 377366 2014-03-28T15:37:09.467 5
2570027 377366 2014-03-28T17:43:26.773 0
2464658 837845 2014-03-30T15:18:36.103 0
2333918 497234 2014-03-30T19:28:24.687 5
3449019 704848 2014-04-01T11:15:31.440 3
1609428 3323394 2014-04-01T16:59:34.853 1
3322871 704848 2014-04-06T18:19:41.103 1
3466751 1499803 2014-04-07T09:49:55.460 1
2348348 11265 2014-04-08T02:19:12.010 2
2286035 821672 2014-04-08T12:31:21.593 1
2058333 497234 2014-04-08T23:14:20.040 1
3466751 497234 2014-04-09T18:43:17.573 6
3517860 1705798 2014-04-10T06:49:05.087 0
3520040 3520040 2014-04-11T08:28:27.627 1
2778867 2778867 2014-04-12T05:49:20.673 2
1565828 249341 2014-04-18T13:38:58.850 1
2852677 322909 2014-04-19T22:11:11.053 1
3553324 1479138 2014-04-21T14:00:42.310 5
2348348 497234 2014-04-21T23:59:58.860 2
1434217 497234 2014-04-23T02:37:22.673 5
1798957 497234 2014-04-23T15:02:09.083 2
2035177 497234 2014-04-24T12:47:15.090 1
2005352 247623 2014-04-28T01:00:02.870 1
3588964 2243104 2014-04-30T16:07:23.127 1
1795949 129592 2014-05-01T10:14:34.380 2
3449019 3526142 2014-05-02T23:37:41.443 1
1418224 190597 2014-05-04T17:07:56.447 1
1828017 166749 2014-05-08T09:20:02.123 2
2116023 1499803 2014-05-12T05:44:28.393 0
3322871 1499803 2014-05-13T02:51:06.630 3
3656340 1643946 2014-05-21T11:15:12.177 1
3449019 3669613 2014-05-24T13:14:29.500 2
3590728 190597 2014-05-24T14:12:48.580 1
1742281 1495539 2014-05-26T08:56:42.867 4
3675841 677122 2014-05-26T10:12:31.533 1
2348348 424631 2014-05-27T23:27:57.523 1
2541184 3375011 2014-06-03T07:17:22.190 2
1652010 497234 2014-06-03T21:08:52.747 12
3713466 497234 2014-06-06T16:36:42.647 0
1797006 497234 2014-06-08T15:00:43.010 3
1652010 2831353 2014-06-12T19:05:16.367 4
2263652 471671 2014-06-15T16:14:43.183 4
3698011 3420371 2014-06-18T19:12:57.440 2
1253932 497234 2014-06-20T03:40:43.910 3
41977 41977 2014-06-20T09:36:36.720 -1
1481376 497234 2014-06-22T00:31:06.280 1
3768656 497234 2014-06-24T04:11:08.533 14
2397318 497234 2014-06-24T04:24:49.777 3
3420371 1158060 2014-06-25T13:31:56.743 2
3420371 399317 2014-06-25T15:38:41.907 2
3511656 3768656 2014-07-07T18:48:05.410 2
3277160 3768656 2014-07-08T14:49:25.430 2
1764031 2831353 2014-07-09T13:33:10.937 4
3358205 3358205 2014-07-10T14:02:22.580 3
3708902 312007 2014-07-10T19:42:06.530 1
3728793 497234 2014-07-10T20:34:01.243 2
1469465 497234 2014-07-11T17:19:52.157 1
2464658 190597 2014-07-15T12:10:03.020 2
3413239 2243104 2014-07-16T16:11:54.890 1
2498497 2304916 2014-07-17T19:13:16.220 1
3857627 2831353 2014-07-20T22:03:23.017 2
3235479 3235479 2014-07-21T23:35:44.590 1
1768191 497234 2014-07-23T23:28:44.110 5
3420371 497234 2014-07-23T23:32:14.243 1
3449019 497234 2014-07-28T21:11:41.790 2
3882753 380231 2014-07-29T03:19:29.867 1
1380929 2831353 2014-07-30T14:26:03.753 2
3865987 2831353 2014-07-31T21:04:14.800 1
2464658 497234 2014-08-03T22:53:25.267 0
2631229 2600939 2014-08-04T15:58:10.660 1
255365 497234 2014-08-04T23:59:39.137 1
2631229 497234 2014-08-08T15:36:15.563 4
3139566 3139566 2014-08-18T07:01:53.373 0
1816933 143880 2014-08-24T09:07:05.583 3
1871399 3363553 2014-08-29T09:22:02.617 2
3993318 2284221 2014-08-30T23:34:36.273 1
3692521 497234 2014-09-02T21:59:34.417 2
3420371 497234 2014-09-04T12:16:12.023 3
3420371 2074277 2014-09-11T04:47:48.673 1
3820963 380231 2014-09-18T01:29:09.257 4
2595210 2595210 2014-09-19T02:58:30.783 0
1208142 497234 2014-09-22T23:35:43.703 5
3379903 1595865 2014-09-23T13:41:53.997 0
1208142 497234 2014-09-23T16:52:02.793 1
2808117 731872 2014-09-26T12:10:26.760 0
190894 931154 2014-09-27T02:23:16.120 5
194586 190597 2014-09-29T17:50:19.640 12
1230724 361691 2014-10-06T02:40:24.373 1
3905909 497234 2014-10-07T18:35:56.527 4
595985 595985 2014-10-11T09:10:51.387 2
3663294 2141635 2014-10-11T18:32:46.977 5
2126725 1427416 2014-10-20T05:05:12.413 2
1870498 1870498 2014-10-21T15:21:13.783 -1
3420371 3983708 2014-10-26T17:31:23.087 1
2506210 497234 2014-10-26T21:49:53.890 1
2487607 1145901 2014-10-28T04:30:47.500 2
4190738 497234 2014-10-30T15:23:58.670 2
4068064 487339 2014-10-31T01:01:05.213 4
2648947 2648947 2014-11-01T23:48:20.193 2
1037475 497234 2014-11-02T17:18:01.227 2
3649594 497234 2014-11-04T00:10:34.803 2
2506210 4177384 2014-11-04T16:15:06.390 3
1037475 497234 2014-11-07T17:10:13.973 2
4063143 4063143 2014-11-08T16:36:38.203 0
1848624 497234 2014-11-12T21:10:00.170 3
4118406 497234 2014-11-13T14:36:11.630 3
4258698 385833 2014-11-16T20:35:28.810 0
755671 1306503 2014-11-19T18:34:03.000 1
4205041 249341 2014-11-26T21:09:28.663 1
4094559 2831353 2014-11-28T15:45:39.380 1
1108888 497234 2014-12-01T13:19:33.383 1
392975 135978 2014-12-02T06:02:39.120 3
1260232 497234 2014-12-04T17:51:31.690 1
3081558 1959808 2014-12-04T23:59:55.393 1
1287112 1231929 2014-12-09T22:21:58.783 0
1431804 2966723 2014-12-11T05:35:24.040 3
4110754 2966723 2014-12-13T20:58:54.373 2
2980081 2966723 2014-12-14T02:28:25.890 0
4362092 704848 2014-12-15T11:49:04.333 5
2268355 497234 2014-12-16T01:07:26.777 2
4219723 1078084 2014-12-16T20:49:40.980 2
899470 899470 2014-12-18T18:18:31.080 1
2230844 2230844 2014-12-28T20:27:08.383 3
590676 497234 2014-12-30T15:19:05.337 4
1816995 1231929 2015-01-09T22:37:07.327 3
2030696 431033 2015-01-10T06:21:42.567 2
4162313 497234 2015-01-10T17:16:39.207 3
4108376 4433386 2015-01-11T22:52:49.597 0
2223106 2344211 2015-01-16T21:26:41.873 1
2030696 2966723 2015-01-19T09:26:11.907 1
2732959 190597 2015-01-25T11:42:13.213 2
224254 44330 2015-01-27T23:44:28.707 6
44330 497234 2015-01-30T05:45:37.590 1
2136806 2966723 2015-01-31T08:28:31.477 1
4076764 2966723 2015-02-05T01:05:46.360 2
505306 4433386 2015-02-06T18:19:02.130 5
1503334 497234 2015-02-09T01:26:35.287 2
2795733 764322 2015-02-12T21:57:22.040 2
1819254 2966723 2015-02-16T01:26:14.637 16
2795733 2966723 2015-02-19T04:20:54.613 2
4103788 194586 2015-02-22T01:48:23.710 2
1144382 497234 2015-02-23T21:34:09.740 2
1549135 2615940 2015-02-24T09:56:33.207 0
4607551 2966723 2015-02-25T23:05:42.400 0
2030696 2030696 2015-02-26T04:57:09.730 1
3605534 2966723 2015-03-03T02:23:49.050 2
3605534 497234 2015-03-04T21:03:31.390 1
3621464 497234 2015-03-04T21:08:08.840 0
4631027 2966723 2015-03-05T23:14:59.877 0
1600770 497234 2015-03-07T14:10:35.917 4
3420371 497234 2015-03-07T14:50:00.050 8
2795733 2966723 2015-03-09T03:45:07.207 1
1600770 497234 2015-03-10T00:42:04.617 2
1108782 497234 2015-03-10T13:03:41.727 1
3797381 497234 2015-03-10T16:26:08.237 2
2699288 3877338 2015-03-10T19:17:12.420 2
1380929 497234 2015-03-15T13:42:18.450 3
4666912 497234 2015-03-15T19:40:02.573 1
4666912 736937 2015-03-15T22:54:32.820 0
4480139 1751129 2015-03-16T17:29:55.837 1
2699288 704848 2015-03-17T15:30:05.043 3
2096176 3923281 2015-03-18T16:49:00.747 1
1976734 2966723 2015-03-19T20:20:47.360 0
1267491 2966723 2015-03-20T04:23:40.400 2
3676379 1499803 2015-03-22T22:24:28.177 1
3253353 2966723 2015-03-29T18:26:32.453 2
4480139 497234 2015-03-31T14:53:52.043 1
3621464 2966723 2015-04-03T20:29:49.043 2
3816048 2750492 2015-04-04T13:29:10.797 1
3797381 2966723 2015-04-08T00:12:09.750 1
3072280 4596067 2015-04-11T06:15:21.603 8
3376557 3376557 2015-04-14T11:43:48.263 1
3797381 2966723 2015-04-17T00:02:01.720 1
2370863 190597 2015-04-18T17:26:51.467 2
4801237 1885713 2015-04-18T19:30:34.697 1
4823239 2966723 2015-04-23T11:42:04.513 3
2663119 2966723 2015-04-24T04:59:05.663 7
2236401 497234 2015-04-24T20:05:22.063 3
2464658 1373804 2015-04-25T00:29:32.910 4
1915888 1735756 2015-04-26T20:04:09.927 1
4846801 4663466 2015-04-29T14:51:25.787 0
1295112 2966723 2015-04-30T03:16:56.530 3
2663119 2450629 2015-05-03T06:12:37.157 2
3986879 2966723 2015-05-04T19:15:49.027 7
3012255 4663466 2015-05-06T04:42:56.183 2
1600653 497234 2015-05-06T18:58:49.503 1
1061193 4389116 2015-05-08T14:18:23.380 1
2964982 3635816 2015-05-12T10:54:48.053 1
2236401 190597 2015-05-12T21:05:18.120 2
2498497 4907987 2015-05-16T23:47:26.867 0
72987 196206 2015-05-18T13:13:16.870 2
2784831 2966723 2015-05-18T22:09:28.230 1
4897383 2966723 2015-05-20T21:51:10.297 2
633182 704848 2015-05-21T11:02:55.773 3
3752895 588071 2015-05-27T14:34:50.440 4
2030461 784669 2015-05-31T06:57:04.087 3
4334908 4334908 2015-06-04T17:03:37.173 0
2494157 1405065 2015-06-05T05:03:14.173 3
3990607 497234 2015-06-06T03:28:37.203 2
4890392 699854 2015-06-08T13:17:53.710 1
2203144 1949769 2015-06-09T11:06:27.590 2
4984897 3731726 2015-06-09T22:21:02.693 1
4720948 3150943 2015-06-10T05:29:23.647 1
4602489 4445832 2015-06-11T21:14:31.407 1
1672420 3678068 2015-06-11T23:59:37.827 1
3511656 4177384 2015-06-12T10:24:40.640 4
2035039 2966723 2015-06-15T10:16:23.263 1
4923922 190597 2015-06-15T18:06:27.737 4
356922 65889 2015-06-16T12:08:54.433 3
678572 838992 2015-06-17T10:48:13.463 12
4936870 4584258 2015-06-18T18:27:41.023 3
4480139 2966723 2015-06-19T17:13:33.223 2
2888125 4584258 2015-06-22T16:03:16.963 1
4205002 4996248 2015-06-23T15:34:11.617 0
4923922 1301827 2015-06-24T13:48:53.493 1
4893246 547820 2015-07-01T22:11:14.573 1
4698026 4698026 2015-07-03T10:03:12.700 1
393816 974847 2015-07-03T21:54:36.293 14
1534822 2966723 2015-07-04T14:19:55.003 1
583227 190597 2015-07-05T12:54:05.020 3
2699288 3877338 2015-07-09T16:05:06.907 0
4480139 2097679 2015-07-15T19:06:46.897 4
3847746 2966723 2015-07-16T15:13:56.907 5
4698026 41316 2015-07-18T10:00:17.910 2
912429 2966723 2015-07-20T04:42:41.240 3
3010960 2966723 2015-07-20T23:03:15.553 1
1673784 1209842 2015-07-24T16:56:22.953 0
1019129 497234 2015-07-25T20:53:32.257 2
3187841 2966723 2015-08-01T21:47:00.943 0
1461850 4102977 2015-08-10T15:09:42.840 1
1461850 2966723 2015-08-11T22:22:07.370 5
5002316 5002316 2015-08-21T08:56:22.300 3
140837 1499803 2015-08-25T23:57:19.767 1
4678534 547820 2015-08-29T14:17:36.743 2
5210165 14167 2015-08-31T15:24:22.860 0
64911 3605497 2015-09-02T19:53:35.847 1
4432226 2966723 2015-09-02T21:16:23.597 0
855050 2966723 2015-09-02T22:07:23.123 3
2514676 5304827 2015-09-05T23:50:23.650 2
2818584 497234 2015-09-07T13:59:08.190 3
635162 2966723 2015-09-08T23:55:47.093 9
1712543 2966723 2015-09-09T09:03:30.470 2
1602492 2966723 2015-09-09T23:12:40.713 2
4276651 3577601 2015-09-12T03:11:59.910 1
3020849 817766 2015-09-15T19:31:23.060 1
4179354 2966723 2015-09-17T10:16:24.613 2
1602492 349948 2015-09-17T13:18:00.727 0
1100594 2966723 2015-09-20T17:16:59.140 2
1461850 2966723 2015-09-21T14:11:23.207 18
3621464 497234 2015-09-22T13:32:20.693 0
1069083 3106749 2015-09-29T02:52:21.153 3
3440266 5227791 2015-10-01T18:21:14.157 6
4276651 3990145 2015-10-01T21:52:42.357 0
3847746 2966723 2015-10-02T01:00:33.267 1
3067748 731872 2015-10-02T15:04:21.417 1
2723240 2014591 2015-10-07T01:37:38.047 0
1552080 1858151 2015-10-09T14:26:07.407 0
5427537 5296743 2015-10-12T16:47:00.300 1
709445 2966723 2015-10-12T20:25:36.463 4
1131142 2966723 2015-10-12T22:56:00.733 1
1101009 2966723 2015-10-13T09:58:58.550 0
5433114 2966723 2015-10-14T01:30:25.073 1
5335345 2966723 2015-10-14T04:12:03.840 1
1106598 5296743 2015-10-14T17:03:48.403 13
2355256 2615160 2015-10-14T21:04:29.160 0
5110870 2966723 2015-10-15T02:48:37.780 1
1526562 4666991 2015-10-15T08:58:31.087 2
245549 5227791 2015-10-16T13:22:00.943 2
5110870 5296743 2015-10-16T20:49:32.993 2
4783222 5296743 2015-10-18T23:52:55.730 4
1461850 2966723 2015-10-21T06:01:29.813 5
4353740 497234 2015-10-24T15:53:51.733 1
5110870 5296743 2015-10-26T12:32:04.263 1
5296743 5296743 2015-10-26T14:09:47.870 0
924177 5296743 2015-10-26T20:57:40.937 3
5110870 2966723 2015-10-27T08:47:59.500 1
44330 44330 2015-10-27T18:33:20.247 1
5427537 5296743 2015-10-27T22:23:31.787 1
5110870 764322 2015-10-28T17:41:36.003 1
5110870 5296743 2015-10-30T21:17:16.623 1
5466273 5296743 2015-10-31T00:53:00.363 1
4160889 2966723 2015-10-31T12:23:13.727 0
5494528 5296743 2015-11-03T00:56:13.390 0
4252332 801362 2015-11-03T08:09:40.893 2
5520215 2966723 2015-11-03T13:49:50.310 1
3767071 2966723 2015-11-04T01:31:09.780 1
5110870 2831353 2015-11-04T13:56:11.150 3
1274908 5526051 2015-11-04T18:30:18.890 2
1303333 2831353 2015-11-04T19:25:26.967 1
4313927 2848578 2015-11-05T01:20:48.167 5
64911 64911 2015-11-07T19:11:36.063 0
4252332 1565828 2015-11-08T14:59:02.640 1
4252332 908293 2015-11-09T14:28:45.540 0
5110870 3419537 2015-11-09T14:50:37.513 2
5110870 2966723 2015-11-09T20:25:22.950 1
5110870 5296743 2015-11-10T10:58:04.867 1
3847746 699854 2015-11-11T21:18:26.790 2
3746156 2966723 2015-11-13T04:58:00.503 0
2275815 5296743 2015-11-14T10:26:38.833 1
5110870 5296743 2015-11-14T11:05:22.560 1
3027481 4014959 2015-11-15T18:05:18.743 4
1779730 497234 2015-11-16T13:16:53.997 1
4746920 4746920 2015-11-16T19:00:40.293 1
1609428 436569 2015-11-17T01:23:02.863 0
4783222 3902926 2015-11-19T04:48:12.913 1
5110870 3169907 2015-11-20T17:48:01.317 1
5110870 2966723 2015-11-20T19:59:42.117 1
3863003 1222578 2015-11-23T04:13:18.613 5
1731887 2966723 2015-11-25T19:58:59.687 2
1947177 1807667 2015-11-26T12:02:34.087 1
1081468 2966723 2015-11-26T12:43:37.650 4
2119807 1327005 2015-11-28T10:28:07.753 0
2119807 2966723 2015-11-28T20:59:11.380 0
1278616 497234 2015-11-30T00:21:43.677 2
3485982 677122 2015-12-03T11:24:52.893 1
5638621 699854 2015-12-04T12:33:28.547 0
5587098 5587098 2015-12-05T05:40:54.057 1
5192982 5296743 2015-12-06T21:06:49.227 3
384719 4573247 2015-12-07T15:24:01.260 1
637562 2966723 2015-12-08T10:36:23.457 0
4882806 1643946 2015-12-08T20:22:36.467 2
5454242 1301827 2015-12-09T11:45:14.910 2
2964982 1938621 2015-12-17T00:53:40.657 2
5503983 5644961 2015-12-27T01:39:41.563 1
3067748 2966723 2016-01-05T20:40:06.260 3
3067748 2966723 2016-01-06T12:06:19.407 1
3165737 190597 2016-01-07T18:24:40.320 1
710734 1830895 2016-01-07T21:19:43.980 2
2203144 547820 2016-01-11T22:26:28.433 1
4005668 190597 2016-01-12T00:46:48.643 3
3012441 5296743 2016-01-21T08:35:48.057 1
5820105 1532460 2016-01-21T09:00:11.533 0
1374618 3519000 2016-01-21T10:46:10.267 2
5591958 5591958 2016-01-21T18:16:49.247 0
5256940 1104263 2016-01-25T05:36:21.963 2
704972 699854 2016-01-25T21:06:52.530 0
1851837 85371 2016-01-27T09:32:58.093 5
4975446 704848 2016-01-27T19:58:25.970 1
1717931 497234 2016-01-28T23:08:06.070 1
2699288 699854 2016-01-29T16:34:15.920 1
5862701 497234 2016-01-31T03:17:36.877 1
3067748 2966723 2016-02-02T13:00:02.520 1
704972 190597 2016-02-04T00:21:36.237 1
1575966 3118494 2016-02-04T16:26:12.907 1
3768656 3768656 2016-02-08T01:34:17.987 2
4541548 4541548 2016-02-08T13:51:04.237 5
5539920 3986879 2016-02-08T15:05:22.553 1
3088738 5050917 2016-02-09T21:14:57.827 1
3767071 2966723 2016-02-10T11:46:54.917 1
3088738 444036 2016-02-11T19:52:15.303 0
4604820 832404 2016-02-14T14:44:48.480 0
2715877 1347807 2016-02-17T22:16:42.870 1
5110870 190597 2016-02-18T11:46:38.487 2
2715877 1347807 2016-02-18T22:54:33.757 1
602969 2831353 2016-02-19T16:22:47.147 1
5313508 180962 2016-02-24T12:29:31.160 1
2275815 497234 2016-02-27T01:10:44.390 0
4975446 906693 2016-02-27T06:33:23.027 1
5992807 4693928 2016-02-28T09:36:31.717 0
5539920 1074116 2016-02-28T15:51:40.843 2
5930749 5930749 2016-02-29T20:15:51.007 0
6001663 699854 2016-03-01T14:11:27.663 1
2396502 2699288 2016-03-02T08:47:01.350 2
3882859 2966723 2016-03-03T20:42:05.957 7
5110870 380231 2016-03-04T04:18:23.930 4
678572 699854 2016-03-04T09:23:15.957 0
5513383 497234 2016-03-06T00:53:04.710 0
5110870 699854 2016-03-07T12:37:30.507 2
5110870 2144669 2016-03-09T13:09:28.680 3
1831098 1139393 2016-03-13T19:56:44.303 2
5727013 2966723 2016-03-17T00:04:44.400 0
3999760 2966723 2016-03-18T07:21:13.190 2
1680859 497234 2016-03-20T20:23:45.373 1
3685486 2966723 2016-03-21T20:16:27.413 2
5854721 2966723 2016-03-22T23:28:53.933 1
2396502 180962 2016-03-24T14:31:07.580 10
3067748 3412611 2016-03-25T11:31:21.670 2
1748450 2966723 2016-03-27T21:11:35.117 1
4056736 2868335 2016-03-29T20:02:15.923 1
2812237 4502095 2016-03-30T14:56:38.393 0
5110870 3510736 2016-03-30T17:34:31.990 1
3659858 497234 2016-04-02T14:10:59.480 1
902547 497234 2016-04-02T22:52:56.647 3
6076804 699854 2016-04-03T19:27:27.990 0
3939696 497234 2016-04-04T19:43:04.367 1
2255198 1301827 2016-04-06T14:24:56.027 1
1252280 754456 2016-04-07T10:31:53.377 1
1252280 754456 2016-04-07T10:45:43.253 2
3689314 2966723 2016-04-08T00:45:08.153 2
5110870 4320738 2016-04-08T18:15:11.513 2
5110870 5110870 2016-04-11T10:35:59.757 1
5110870 764322 2016-04-11T15:28:34.610 2
5856795 948918 2016-04-11T21:54:28.090 0
6147822 1701296 2016-04-12T07:27:08.693 1
1829370 1829370 2016-04-14T18:07:33.800 0
3062909 5193319 2016-04-21T13:35:23.427 2
5193319 2966723 2016-04-22T21:48:55.897 1
6256711 2849663 2016-04-26T14:16:01.087 7
3398536 4096377 2016-04-27T08:28:04.567 0
6194832 4096377 2016-04-27T08:33:52.193 1
2666270 4096377 2016-04-27T09:24:18.747 1
5110870 699854 2016-04-27T13:51:48.437 1
914874 5110870 2016-04-27T14:37:35.940 0
3485982 2450629 2016-04-27T21:45:35.837 1
5110870 2450629 2016-04-28T01:02:55.387 1
5123882 497234 2016-05-01T14:39:27.657 0
5110870 2966723 2016-05-06T23:16:10.360 2
487993 5407853 2016-05-07T03:25:45.893 0
1339950 497234 2016-05-07T23:10:23.237 2
5158988 2966723 2016-05-11T06:02:28.507 1
4405852 699854 2016-05-14T20:12:20.440 1
6351909 901925 2016-05-18T19:40:24.987 4
5110870 2966723 2016-05-19T17:34:39.530 4
5110870 5110870 2016-05-19T18:39:13.327 1
5566841 1225744 2016-05-21T15:52:58.950 2
3067748 2121597 2016-05-28T00:39:19.323 3
6259729 190597 2016-05-30T00:30:35.150 2
5642408 6128929 2016-06-01T06:41:52.503 0
6049154 4978569 2016-06-01T16:06:08.533 2
6423856 2132213 2016-06-04T20:50:29.070 2
1404853 5853731 2016-06-07T22:25:35.193 2
401828 604456 2016-06-09T12:05:05.190 1
4981808 1301827 2016-06-11T16:23:57.347 2
2593251 4479188 2016-06-14T18:38:38.160 5
2059807 3067748 2016-06-20T20:44:09.663 1
874829 613246 2016-06-24T12:08:18.757 1
5110870 5296743 2016-06-28T03:50:13.693 1
5110870 497234 2016-06-30T13:01:11.517 1
6387860 497234 2016-07-01T17:46:25.677 0
5110870 497234 2016-07-05T12:30:09.810 2
3767071 497234 2016-07-07T00:36:19.643 1
4632027 4632027 2016-07-07T16:18:21.143 0
416626 5360901 2016-07-08T19:17:10.243 4
6468053 2966723 2016-07-11T16:32:24.303 2
5719657 6592114 2016-07-15T04:39:23.417 4
6468053 2966723 2016-07-17T05:07:32.337 1
6516598 1060350 2016-07-21T08:26:46.923 0
2818584 5558281 2016-07-28T08:24:44.987 2
6003886 4357938 2016-08-02T17:16:30.723 0
6691147 6691147 2016-08-10T11:38:20.657 0
3673555 539465 2016-08-10T19:02:05.153 1
1841973 3995094 2016-08-10T19:40:07.327 4
868908 190597 2016-08-11T01:11:10.130 3
6049154 2539738 2016-08-11T19:33:32.587 2
887074 1400793 2016-08-16T23:30:07.660 1
3602112 293594 2016-08-17T20:57:48.210 2
3692399 497234 2016-08-22T12:53:29.343 2
888849 6752552 2016-08-24T13:18:11.000 1
6769082 4136588 2016-08-29T08:13:32.733 1
260217 497234 2016-09-04T13:20:12.083 1
3526271 3526271 2016-09-06T10:19:02.983 0
2264936 3691303 2016-09-07T10:46:23.377 1
2952883 901925 2016-09-07T22:11:18.677 0
2707864 2707864 2016-09-10T12:42:55.633 0
4926318 2445025 2016-09-11T02:15:25.457 3
4127330 3510736 2016-09-15T15:44:59.060 5
266198 2950135 2016-09-17T02:35:59.780 2
2013419 277113 2016-09-19T11:52:57.397 1
3809375 497234 2016-09-20T20:46:04.650 15
6857713 3621464 2016-09-21T10:57:03.467 1
678572 5285918 2016-09-22T00:06:15.507 3
1274613 1853227 2016-09-22T01:15:38.620 -1
678572 5285918 2016-09-22T18:26:23.820 2
3809375 497234 2016-09-23T13:31:12.060 1
678572 2912349 2016-10-05T00:00:50.353 11
4930914 2966723 2016-10-05T05:25:22.070 1
5015569 2912349 2016-10-05T18:10:45.473 2
5110870 1853227 2016-10-07T23:17:23.547 1
1037475 2351838 2016-10-08T06:16:40.060 0
1747771 497234 2016-10-08T13:12:17.400 1
6941877 3510736 2016-10-08T17:42:12.287 3
4656411 2966723 2016-10-18T22:22:59.513 2
5110870 2912349 2016-10-19T09:53:04.607 1
5110870 3510736 2016-10-19T10:55:15.720 2
5110870 497234 2016-10-20T13:43:06.743 1
5110870 2912349 2016-10-20T16:32:12.177 1
6429576 497234 2016-10-20T17:52:12.593 4
6429576 4473191 2016-10-21T13:23:23.800 1
6429576 5315695 2016-10-21T22:13:20.557 1
6921509 4466895 2016-10-22T08:50:02.423 4
678572 7056550 2016-10-22T09:19:20.937 0
7062796 2966723 2016-10-24T06:45:22.033 0
2918960 497234 2016-10-27T14:34:04.243 1
2983638 2983638 2016-10-29T00:01:41.043 1
3899735 4541548 2016-11-11T15:35:06.190 2
4282098 4282098 2016-11-11T16:56:34.627 0
5248253 497234 2016-11-18T20:19:34.220 2
2297589 180962 2016-11-21T18:30:54.377 1
7034886 7034886 2016-11-22T13:20:58.950 0
343215 5288455 2016-11-22T19:28:46.427 1
7031123 7031123 2016-11-22T21:31:30.870 0
7195484 494076 2016-11-23T20:21:33.480 1
2106088 6451573 2016-11-27T20:25:56.203 1
4512945 2966723 2016-11-29T01:02:51.377 0
7208490 5839618 2016-11-29T05:38:58.873 1
4125790 2966723 2016-11-30T10:17:01.353 1
354134 5426033 2016-12-02T05:43:54.450 0
7077559 4531270 2016-12-02T21:27:53.880 0
3813057 6696049 2016-12-03T23:37:30.923 3
1087908 6696049 2016-12-04T13:40:14.950 1
6062551 305883 2016-12-04T23:37:03.530 1
7013458 7013458 2016-12-07T08:33:25.523 1
1040927 1040927 2016-12-09T17:32:42.360 1
3154996 6696049 2016-12-09T17:44:29.533 1
697363 697363 2016-12-12T19:23:03.523 0
4926318 1320284 2016-12-15T13:47:59.810 0
1164353 1832058 2016-12-16T22:41:25.670 1
7338049 4492932 2016-12-24T21:39:03.957 0
4873839 1090791 2016-12-28T15:52:30.610 1
4873839 5043793 2016-12-29T09:14:01.897 2
7288560 2966723 2017-01-06T05:21:59.177 3
5934305 682797 2017-01-06T09:04:41.940 1
4378608 768194 2017-01-08T16:27:31.070 0
1379390 5043793 2017-01-14T04:58:50.160 3
3760875 3760875 2017-01-16T22:20:13.897 0
3760875 6439551 2017-01-17T11:00:55.613 0
4605629 6696049 2017-01-19T17:34:59.253 2
1544674 7438048 2017-01-23T06:45:11.207 2
6776607 6197649 2017-01-24T21:24:56.843 1
2760331 3218627 2017-01-25T10:42:33.837 2
5368493 6696049 2017-01-25T17:21:28.150 1
6062760 497234 2017-01-25T20:26:01.220 1
6678131 4692017 2017-01-28T15:52:17.780 0
5533078 5533078 2017-01-28T17:31:47.877 0
5782275 6696049 2017-01-31T18:14:28.183 1
3267763 7259331 2017-01-31T21:23:35.887 0
7498702 6696049 2017-02-01T11:45:42.880 0
6813373 11654 2017-02-02T12:48:36.230 2
3067748 497234 2017-02-02T17:45:08.950 1
5047436 2605317 2017-02-05T08:40:50.953 1
5355343 2575259 2017-02-07T09:21:05.593 1
7272186 699854 2017-02-08T23:44:16.173 0
5110870 6912707 2017-02-10T14:30:38.683 2
5047436 497234 2017-02-11T14:56:59.843 1
6840039 2966723 2017-02-11T19:56:50.290 3
2470728 5110870 2017-02-13T09:06:17.317 0
3067748 4706171 2017-02-14T13:28:58.293 3
7272186 2966723 2017-02-14T23:23:53.773 2
5110870 5110870 2017-02-16T12:28:08.920 1
7272186 7272186 2017-02-16T22:00:02.073 0
590847 6696049 2017-02-18T11:55:03.857 1
1019129 2966723 2017-02-19T18:45:10.873 2
5669565 1643946 2017-02-21T12:35:44.010 1
5110870 6160119 2017-02-23T08:54:20.413 1
5434654 4850343 2017-02-24T01:24:57.470 1
6105838 596951 2017-02-25T19:47:59.587 1
4571934 4488105 2017-02-28T21:48:58.937 1
515028 1853578 2017-03-01T16:51:36.550 0
2933485 2933485 2017-03-02T11:22:47.660 1
5337399 5049524 2017-03-02T14:50:35.120 3
7421972 1499803 2017-03-04T01:30:52.617 0
1019129 4492932 2017-03-05T21:03:00.960 2
7580111 5049524 2017-03-06T17:05:05.770 0
7308924 5049524 2017-03-09T11:15:39.807 1
4721115 213550 2017-03-09T19:29:53.240 2
179520 5043793 2017-03-10T09:32:43.483 2
2778634 4417483 2017-03-10T16:31:12.910 3
7421972 4492932 2017-03-11T20:51:39.763 1
2365460 497234 2017-03-11T22:35:15.697 2
7709008 180962 2017-03-15T11:37:48.593 0
7648015 1643946 2017-03-15T14:34:24.163 0
7695582 5049524 2017-03-18T22:22:24.403 0
923757 7335256 2017-03-21T03:28:29.340 0
3196845 7019037 2017-03-23T00:05:45.613 1
6098757 2966723 2017-03-24T16:04:06.150 0
2500394 2966723 2017-03-24T16:12:28.560 1
3658166 2040251 2017-03-26T17:04:00.650 1
1071516 3297428 2017-03-26T18:46:07.577 1
7775827 2357112 2017-03-27T18:51:12.193 0
6231251 2912349 2017-03-28T10:42:44.013 1
7099472 123695 2017-03-28T14:26:27.240 0
678572 2750492 2017-03-28T23:28:16.453 2
7308924 6696049 2017-03-30T12:35:37.853 1
4750308 2912349 2017-04-03T09:10:22.813 -1
1128571 2966723 2017-04-04T05:39:53.920 2
1087908 2912349 2017-04-05T14:24:02.463 1
7814558 2966723 2017-04-05T18:15:36.370 2
1783398 4492932 2017-04-05T19:59:56.210 1
1783398 2966723 2017-04-06T03:26:58.737 0
5664775 2966723 2017-04-06T20:00:33.750 2
7687981 2901002 2017-04-09T05:36:15.567 2
7687981 6760995 2017-04-10T13:30:42.757 1
7844331 2966723 2017-04-10T15:08:19.690 0
6840039 4124317 2017-04-12T22:31:10.067 1
1209885 497234 2017-04-13T03:37:46.527 2
7527680 5827215 2017-04-13T18:40:54.007 1
1800888 497234 2017-04-15T14:02:01.017 0
7869524 1643946 2017-04-17T14:07:56.123 1
7687981 5853731 2017-04-17T17:28:55.807 2
5802202 2966723 2017-04-18T16:19:32.253 0
7814558 213550 2017-04-19T15:07:54.447 1
1937951 4492932 2017-04-20T00:42:03.840 1
5431132 213550 2017-04-20T19:42:36.447 1
2925213 2912349 2017-04-20T23:11:48.113 1
5272693 2912349 2017-04-21T11:38:26.033 1
5413088 7802200 2017-04-21T19:02:38.940 1
7905564 7802200 2017-04-22T16:32:15.277 0
4612998 2966723 2017-04-23T02:42:29.760 2
4860959 7217414 2017-04-23T14:14:12.973 0
7128915 7802200 2017-04-25T23:10:08.630 1
7421972 3737918 2017-04-26T08:32:29.967 2
7687981 7802200 2017-04-27T20:39:20.677 1
678572 4124317 2017-04-29T13:03:26.557 3
7687981 7687981 2017-05-01T14:20:08.823 0
6041010 7955173 2017-05-03T03:25:07.587 1
5015683 2666859 2017-05-03T11:05:33.850 3
6184368 1902741 2017-05-04T14:18:43.437 1
1480796 2966723 2017-05-04T17:06:40.940 1
4953909 4952130 2017-05-05T13:41:55.290 2
7520998 5712523 2017-05-06T03:21:56.383 1
5056548 7964358 2017-05-07T06:47:39.007 1
1181744 1181744 2017-05-09T23:30:22.483 0
3019818 4124317 2017-05-11T10:06:06.560 1
7826133 2912349 2017-05-12T12:01:27.150 1
2487607 5014455 2017-05-12T18:41:57.920 1
2720497 7802200 2017-05-15T03:35:05.357 0
7580878 7964358 2017-05-16T15:16:08.343 0
2005415 5249307 2017-05-21T07:58:33.933 1
1988876 7614337 2017-05-22T01:47:28.900 0
6128929 2005415 2017-05-23T11:24:34.157 1
807093 6919670 2017-05-23T21:16:14.863 1
5110870 4124317 2017-05-29T13:11:44.443 1
6176884 7747422 2017-06-01T17:08:13.803 2
2666270 190597 2017-06-02T13:25:45.800 1
4104063 4104063 2017-06-07T09:38:41.017 0
4623370 495504 2017-06-10T01:44:23.177 2
3494082 2966723 2017-06-10T04:22:51.147 1
7492420 3510736 2017-06-14T09:26:06.453 1
8065711 2966723 2017-06-14T19:34:48.010 1
5110870 2966723 2017-06-15T20:17:41.957 1
6630397 6447635 2017-06-16T22:35:03.060 3
601908 6696049 2017-06-18T14:43:27.133 2
3368526 497234 2017-06-18T17:06:23.713 2
5622355 190597 2017-06-20T00:32:15.527 2
6098757 3427404 2017-06-21T16:04:04.953 1
5779822 4124317 2017-06-22T07:45:10.487 3
704972 539465 2017-06-22T22:35:50.827 0
3649683 2989763 2017-06-23T15:51:33.963 0
1052985 7321942 2017-06-26T17:40:27.477 1
1937951 7321942 2017-06-26T17:46:51.873 4
5110870 190597 2017-06-27T10:48:50.090 1
2386054 2442196 2017-06-27T16:42:41.297 1
4639580 2966723 2017-06-27T16:43:36.573 0
5145725 190597 2017-06-28T11:43:41.437 0
5145725 4125080 2017-06-29T14:43:50.740 0
3494082 901925 2017-07-03T00:38:07.863 0
1136015 2357112 2017-07-04T14:29:24.953 1
6258660 7085711 2017-07-06T16:16:45.080 1
5005808 4125080 2017-07-10T14:32:49.823 0
8006378 6517541 2017-07-10T17:55:52.227 1
8167749 5103802 2017-07-13T20:27:17.920 2
2827771 1414809 2017-07-16T11:08:40.387 1
735445 1414809 2017-07-16T11:17:06.073 0
616404 4124317 2017-07-20T11:44:25.167 2
766767 2320035 2017-07-22T17:01:49.313 1
5290980 2666859 2017-07-25T09:44:31.520 1
184046 1060349 2017-07-25T17:24:32.157 0
6178593 2966723 2017-07-25T21:36:42.290 0
8369579 2320035 2017-07-26T12:07:45.497 0
4588820 4588820 2017-07-27T13:45:01.843 1
8167749 2966723 2017-07-30T05:02:59.260 1
4656307 4492932 2017-08-02T05:38:01.623 1
4717138 2966723 2017-08-02T19:28:28.350 2
4492932 2966723 2017-08-03T07:27:42.967 1
4717138 2966723 2017-08-03T18:21:02.350 1
5191953 5191953 2017-08-04T13:00:27.733 0
8417531 8419209 2017-08-04T19:56:01.753 2
4717138 2966723 2017-08-06T15:58:08.693 1
5859889 8426987 2017-08-07T05:45:39.720 0
8302613 4121573 2017-08-07T13:46:02.283 1
868908 7931652 2017-08-07T17:53:08.113 0
4737417 6517541 2017-08-08T16:42:36.307 2
4717138 2966723 2017-08-09T23:08:12.753 1
8296304 8160718 2017-08-10T09:33:17.573 1
1584115 2224000 2017-08-14T16:26:49.850 1
5165294 497234 2017-08-14T21:12:03.907 0
5165294 2357112 2017-08-14T23:35:46.133 4
306839 2224000 2017-08-15T05:23:01.953 1
6048114 6048114 2017-08-17T13:49:24.667 0
637562 3407933 2017-08-18T19:14:53.233 1
8061451 2666859 2017-08-19T04:24:33.037 2
6865095 5110870 2017-08-19T20:44:01.683 1
1136015 2966723 2017-08-24T13:18:09.927 1
