1237313 1330293 2017-02-08T09:43:31.803 5
5831205 3693922 2017-02-13T10:41:49.633 3
5352399 2704763 2017-02-27T10:04:34.830 22
5352399 2704763 2017-03-10T16:46:28.077 1
5352399 3531912 2017-03-11T12:48:46.213 5
5352399 2704763 2017-03-20T09:03:55.530 8
5352399 5352399 2017-03-22T03:19:40.483 0
5352399 5014455 2017-03-28T22:04:07.230 1
3764682 5576325 2017-04-12T13:32:00.483 0
5250620 5250620 2017-04-17T12:01:27.807 4
23845 23845 2017-04-26T17:05:03.750 0
7528024 7200715 2017-05-04T09:55:23.707 1
7528024 2847699 2017-05-05T18:27:53.950 0
5352399 3041068 2017-05-06T10:18:43.390 18
2775876 2451329 2017-05-06T20:00:38.377 0
7058789 7067508 2017-05-10T01:08:23.697 0
4911018 6130814 2017-05-11T13:07:07.503 2
3303546 3041068 2017-05-17T09:44:36.147 1
1097347 7103989 2017-05-23T09:33:20.383 1
1326770 2847699 2017-05-26T20:50:17.023 2
7444723 2377696 2017-06-01T11:12:38.017 1
5352399 5352399 2017-06-02T02:37:11.027 0
5352399 5352399 2017-06-02T02:40:29.943 2
5352399 5352399 2017-06-02T02:45:11.840 1
4527520 4561314 2017-06-02T19:04:42.450 0
7551385 492620 2017-06-03T04:39:04.007 1
5352399 5352399 2017-06-03T23:28:28.597 1
4933403 5747414 2017-06-04T06:49:53.357 2
7042758 7042758 2017-06-04T10:21:34.143 1
3179768 3179768 2017-06-04T18:36:38.583 1
4933403 6246880 2017-06-05T18:56:11.983 1
5133167 5747414 2017-06-06T06:00:13.023 3
4068755 4657412 2017-06-06T19:54:08.470 2
3800591 3303546 2017-06-06T20:40:06.947 1
2532005 7042758 2017-06-07T10:15:23.267 0
3062492 7042758 2017-06-07T10:38:11.997 1
2532005 7042758 2017-06-10T16:09:40.840 2
8059047 7042758 2017-06-10T16:40:30.613 3
5352399 7042758 2017-06-10T23:24:24.737 0
7528024 7528024 2017-06-13T12:08:58.783 0
4139024 6246880 2017-06-13T16:57:54.863 1
7073115 5352399 2017-06-15T21:46:03.583 2
5352399 7042758 2017-06-17T20:34:50.900 4
3650053 1794497 2017-06-19T06:34:58.723 1
7528024 7042758 2017-06-19T16:27:54.940 1
2307200 7923337 2017-06-19T17:58:28.777 1
5250620 3754413 2017-06-19T19:19:46.957 1
2307200 7042758 2017-06-23T10:38:28.653 1
5352399 5352399 2017-06-25T04:46:38.367 4
5352399 7042758 2017-06-25T07:50:36.817 0
1460747 8226830 2017-06-28T19:51:22.870 0
7444723 790387 2017-06-29T03:40:56.163 0
8059047 4909087 2017-06-29T08:15:34.270 1
5016028 3898650 2017-06-29T18:38:17.310 2
6354331 524436 2017-06-30T08:46:28.253 1
8059047 3303844 2017-07-02T00:13:18.323 1
1191087 7042758 2017-07-02T23:49:28.070 2
3646408 7042758 2017-07-04T23:08:37.687 2
5352399 5352399 2017-07-05T17:49:05.413 1
8262710 41316 2017-07-06T14:55:19.813 0
5352399 5250620 2017-07-10T07:51:48.360 1
3646408 712267 2017-07-10T17:53:41.180 1
3646408 8033861 2017-07-10T23:49:00.483 2
2307200 5250620 2017-07-11T02:42:03.880 1
7444723 5250620 2017-07-12T14:36:35.583 0
7076502 6544016 2017-07-15T13:36:41.810 0
5250620 7923337 2017-07-16T03:11:51.900 2
2151532 7042758 2017-07-17T09:57:13.267 1
1587343 7923337 2017-07-20T07:03:01.323 1
4527520 7923337 2017-07-20T23:51:51.803 0
1172195 7042758 2017-07-23T16:21:54.377 1
8225148 3293881 2017-07-25T09:22:52.013 2
3587282 7923337 2017-07-28T08:41:46.067 1
5352399 7923337 2017-07-29T07:51:52.753 1
3158028 7923337 2017-08-02T13:03:18.353 1
8194835 7923337 2017-08-03T20:57:54.117 2
5352399 221742 2017-08-06T04:33:58.830 0
6776821 2704763 2017-08-07T17:48:22.487 0
3158028 1988825 2017-08-08T07:53:19.077 1
1281264 4385912 2017-08-09T13:49:54.297 2
4931135 3114434 2017-08-15T12:07:34.333 0
7528024 7528024 2017-08-15T15:04:58.020 1
851699 851699 2017-08-17T11:10:57.877 0
1379704 7712022 2017-08-21T06:31:58.813 0
