5831205 6589616 1486310681183 9 11 True
1237313 1330293 1486547011803 3 5 True
5831205 3693922 1486982509633 9 3 False
5352399 2704763 1488189874830 13 22 True
5352399 1690724 1488740990403 6 1 False
5352399 5957663 1488768905703 6 6 True
5352399 2704763 1489164388077 2 1 True
5352399 3531912 1489236526213 3 5 True
5352399 2704763 1490000635530 1 8 True
5352399 7420421 1490137319577 0 0 False
5352399 5688082 1490137878487 0 0 False
5352399 5352399 1490152780483 0 0 True
5352399 5014455 1490738647230 1 1 True
7076502 5250620 1491843016167 1 1 True
5250620 3114434 1491910031093 3 5 False
7076502 3114434 1491922940193 1 0 False
3764682 5576325 1492003920483 1 0 True
5250620 5250620 1492430487807 3 4 True
23845 23845 1493226303750 0 0 True
7528024 7802200 1493891576193 1 0 False
7528024 7200715 1493891723707 1 1 True
7528024 2847699 1494008873950 1 0 True
5016028 2847699 1494009247170 1 1 False
5352399 3041068 1494065923390 17 18 True
2775876 2451329 1494100838377 1 0 True
7058789 7067508 1494378503697 0 0 True
4911018 6130814 1494508027503 3 2 True
3303546 3041068 1495014276147 1 1 True
1097347 7103989 1495532000383 10 1 True
1326770 2847699 1495831817023 1 2 True
5352399 2847699 1496014655733 1 0 False
7444723 2377696 1496315558017 2 1 True
7042758 2711315 1496343650730 0 1 False
5352399 5352399 1496371031027 0 0 True
5352399 5352399 1496371229943 2 2 True
5352399 5352399 1496371511840 1 1 True
4527520 3038791 1496381253113 0 0 True
4527520 4561314 1496430282450 0 0 False
7551385 492620 1496464744007 0 1 True
4933403 4933403 1496470326117 1 1 False
5352399 5352399 1496532508597 4 1 True
4933403 5747414 1496558993357 1 2 True
7042758 7042758 1496571694143 0 1 True
3179768 3179768 1496601398583 1 1 True
4933403 6246880 1496688971983 0 1 True
5133167 5747414 1496728813023 1 3 True
4068755 4657412 1496778848470 1 2 True
3800591 3303546 1496781606947 3 1 True
2532005 7042758 1496830523267 0 0 True
3062492 7042758 1496831891997 1 1 True
2532005 7042758 1497110980840 2 2 True
8059047 7042758 1497112830613 2 3 True
5352399 7042758 1497137064737 2 0 True
7528024 7528024 1497355738783 0 0 True
4139024 7042758 1497367539183 1 3 True
4139024 6246880 1497373074863 1 1 False
7073115 5352399 1497563163583 0 2 True
5352399 7042758 1497731690900 2 4 True
3650053 1794497 1497854098723 0 1 True
7528024 7042758 1497889674940 0 1 True
2307200 7923337 1497895108777 1 1 True
5250620 3754413 1497899986957 0 1 True
2307200 7042758 1498214308653 0 1 True
5352399 5352399 1498365998367 3 4 True
5352399 7042758 1498377036817 1 0 True
1460747 8226830 1498679482870 0 0 True
7444723 901925 1498707563837 0 0 True
7444723 790387 1498707656163 0 0 False
8059047 4909087 1498724134270 0 1 True
5016028 3898650 1498761497310 1 2 True
6354331 524436 1498812388253 1 1 True
7444723 3821425 1498841810927 1 1 True
8059047 3303844 1498954398323 1 1 True
1191087 7042758 1499039368070 0 2 True
3646408 7042758 1499209717687 2 2 True
5352399 5352399 1499276945413 1 1 True
8262710 4725756 1499351900913 -1 0 False
8262710 8188875 1499352051700 -1 0 True
8262710 41316 1499352919813 -1 0 False
5352399 5250620 1499673108360 0 1 True
3646408 712267 1499709221180 0 1 True
3646408 8033861 1499730540483 3 2 True
2307200 5250620 1499740923880 2 1 True
7444723 5250620 1499870195583 1 0 False
7076502 6544016 1500125801810 1 0 False
5250620 7923337 1500174711900 2 2 True
2151532 7042758 1500285433267 0 1 True
1587343 7923337 1500534181323 1 1 True
4527520 7923337 1500594711803 0 0 True
1172195 7042758 1500826914377 1 1 True
8225148 3293881 1500974572013 0 2 True
3587282 7923337 1501231306067 1 1 True
5352399 7923337 1501314712753 2 1 True
3158028 4523949 1501636207573 0 0 False
3158028 7923337 1501678998353 0 1 True
8194835 7923337 1501793874117 0 2 True
5352399 221742 1501994038830 6 0 False
6776821 4139024 1502114188873 2 3 True
6776821 2704763 1502128102487 2 0 False
3158028 1988825 1502178799077 0 1 True
1281264 4385912 1502286594297 0 2 True
1379704 4530440 1502713586063 1 1 True
4931135 3114434 1502798854333 -2 0 True
7528024 7528024 1502809498020 1 1 True
851699 851699 1502968257877 1 0 True
1379704 7712022 1503297118813 1 0 False
