41718 18403 2013-09-13T01:33:04.577 4
163173 1688185 2014-08-11T18:22:59.900 20
936332 936332 2014-12-04T08:57:43.730 2
1240896 1688185 2015-01-26T09:18:29.913 3
2380470 1688185 2015-01-28T09:51:23.283 11
2138524 49985 2015-02-04T16:01:04.377 1
620625 117844 2015-02-14T11:26:54.557 2
659156 117844 2015-02-22T05:36:39.517 2
3468673 1688185 2015-03-25T14:01:55.420 4
563762 49985 2015-04-01T20:45:20.397 3
470433 117844 2015-04-03T16:32:40.753 9
1082019 1442917 2015-04-06T16:07:30.727 2
1367788 1367788 2015-04-14T08:14:59.757 1
1082019 1442917 2015-04-15T23:37:50.427 3
1546029 805875 2015-04-26T00:35:43.063 2
1546029 117844 2015-04-29T16:15:27.313 1
1546029 117844 2015-04-29T22:31:31.700 8
3468673 117844 2015-05-04T17:42:30.233 1
3468673 2929337 2015-05-05T12:35:15.047 2
4866811 1688185 2015-05-05T16:29:50.343 4
1546029 107090 2015-05-16T14:48:48.967 2
1715101 117844 2015-05-17T15:53:41.517 11
219603 1688185 2015-05-21T08:12:31.513 4
916451 1322972 2015-05-24T07:01:23.807 7
1056274 2726734 2015-05-31T17:51:03.243 7
3993741 4455483 2015-06-03T13:06:13.423 3
1082019 1688185 2015-06-13T11:34:38.207 3
4961048 1688185 2015-06-20T15:43:41.190 1
4953112 61529 2015-06-22T12:18:08.620 2
2113367 117844 2015-06-24T17:43:47.670 2
4961048 2113367 2015-06-24T22:30:58.560 2
3113501 2726734 2015-06-30T03:27:14.673 5
3113501 646619 2015-06-30T21:54:03.813 5
1366749 117844 2015-07-02T16:08:17.993 14
3284343 1688185 2015-07-03T15:51:55.597 1
2352671 1970830 2015-07-07T05:44:55.643 2
1082019 2726734 2015-07-08T23:20:33.693 14
225814 225814 2015-07-09T14:27:53.000 0
4747870 4850610 2015-07-12T17:00:08.670 2
1082019 1688185 2015-07-14T10:19:14.000 3
3106889 1688185 2015-07-16T07:41:16.587 1
678392 2357112 2015-07-21T04:29:19.847 7
2598910 5072453 2015-08-07T10:29:01.187 2
2293069 117844 2015-08-13T22:01:39.327 3
5260975 4850610 2015-08-26T16:07:35.697 4
5240885 4850610 2015-09-02T15:39:43.890 4
49985 2726734 2015-09-03T16:26:55.833 4
4357605 309653 2015-09-09T06:05:21.330 4
350605 4850610 2015-09-14T17:42:17.660 2
5118777 4850610 2015-09-15T15:05:36.557 4
350605 1417179 2015-09-17T16:59:30.807 5
1082019 258523 2015-09-18T21:06:02.570 1
5429355 1688185 2015-10-10T21:40:22.543 2
1804173 1804173 2015-10-11T18:31:35.457 1
249226 752976 2015-10-15T18:03:24.647 3
1135950 1688185 2015-10-15T21:40:12.360 1
3431929 1695960 2015-10-21T02:17:26.993 1
1082019 117844 2015-10-22T20:04:16.777 15
2782619 4850610 2015-11-05T20:31:34.660 1
4975126 5170044 2015-11-06T23:05:20.110 0
1114272 5118777 2015-11-16T03:13:22.443 1
395857 395857 2015-11-19T03:49:04.747 0
1010393 1688185 2015-11-21T19:09:43.483 6
4364020 387870 2015-11-24T09:19:13.953 2
5118777 5118777 2015-11-30T08:55:25.500 1
5637190 387870 2015-12-04T09:11:13.077 0
2452761 387870 2015-12-04T10:30:04.010 3
2397318 2397318 2015-12-09T01:54:38.283 0
1884420 1884420 2015-12-10T02:16:05.987 5
5118777 1442917 2015-12-10T03:58:10.297 0
4013781 1688185 2015-12-16T09:17:50.177 1
4380945 4380945 2015-12-28T22:17:12.953 2
4380945 4850610 2016-01-01T18:19:12.597 6
3106889 4850610 2016-01-03T14:20:18.277 2
2876684 2673526 2016-01-10T19:21:14.103 3
4380945 4380945 2016-01-11T23:25:16.800 0
2452617 1688185 2016-01-13T08:57:29.490 4
4013781 4850610 2016-01-13T10:40:55.377 2
350664 350664 2016-01-13T15:39:35.280 0
4013781 2658050 2016-01-15T23:47:46.600 1
4341948 5812469 2016-01-19T20:12:41.260 1
2452617 1688185 2016-01-29T22:21:27.273 1
2452617 117844 2016-01-31T14:28:54.893 1
3654968 217802 2016-01-31T16:53:52.067 1
4341948 5675002 2016-02-01T17:53:23.477 1
1879926 1688185 2016-02-01T21:05:53.297 1
4299527 562769 2016-02-02T20:09:49.897 4
3106889 3106889 2016-02-03T15:49:19.160 0
4013781 2658050 2016-02-04T21:22:56.813 1
551538 2857133 2016-02-05T00:12:35.023 6
4672217 4672217 2016-02-05T21:59:45.263 2
4040998 2857133 2016-02-05T23:13:23.640 3
45843 3167182 2016-02-07T12:58:21.540 2
4040998 2857133 2016-02-07T15:44:23.890 3
4040998 2857133 2016-02-07T23:09:19.560 3
4572570 5407700 2016-02-08T10:04:16.407 0
45843 4850610 2016-02-08T15:23:48.187 3
5407700 4850610 2016-02-09T04:31:23.503 2
3113501 1688185 2016-02-10T23:27:58.067 2
3668324 1676363 2016-02-15T01:28:37.647 3
28802 117844 2016-02-20T18:46:56.147 2
5954650 2658050 2016-02-20T23:33:46.673 2
4013781 4013781 2016-02-23T20:52:27.993 0
639973 3685419 2016-02-26T13:01:08.363 2
2886575 117844 2016-02-26T19:09:18.513 2
700023 2669077 2016-02-28T21:51:42.937 4
1082019 4850610 2016-02-29T13:45:38.597 2
5443023 5443023 2016-03-01T17:26:34.047 2
1094908 1190388 2016-03-03T03:15:05.633 1
5489845 4927616 2016-03-03T06:41:41.733 0
3853033 5407700 2016-03-03T13:38:37.367 1
2011802 2669077 2016-03-08T21:35:16.727 1
5024858 1381755 2016-03-09T02:03:54.340 2
3796327 1688185 2016-03-09T08:33:11.500 4
846970 1688185 2016-03-12T10:43:40.397 1
5407700 258523 2016-03-15T20:23:24.417 1
2086557 117844 2016-03-16T14:33:09.030 0
133374 133374 2016-03-16T15:04:03.077 0
133374 4850610 2016-03-17T10:41:06.390 2
3449534 4850610 2016-03-18T21:00:41.907 3
399397 3735873 2016-03-19T00:18:11.053 2
2491303 2011802 2016-03-21T15:56:04.157 1
492372 1688185 2016-03-29T07:43:45.357 1
4716167 1688185 2016-03-29T07:52:21.150 0
3932212 1688185 2016-03-29T18:10:34.303 1
4341948 4850610 2016-03-31T19:50:41.477 4
2838606 1688185 2016-04-01T20:50:07.353 5
4001193 431895 2016-04-02T20:04:24.913 7
4013781 4013781 2016-04-03T01:10:34.560 0
4001193 1688185 2016-04-03T12:29:06.743 -1
4341948 4850610 2016-04-03T22:02:08.103 1
5676466 316799 2016-04-04T15:39:54.903 1
987185 1688185 2016-04-04T15:44:54.347 1
5576325 1688185 2016-04-06T08:11:38.737 7
648896 1688185 2016-04-06T12:38:06.477 3
2838606 2838606 2016-04-07T23:25:54.347 0
2838606 2838606 2016-04-08T00:15:44.933 1
4611375 4611375 2016-04-10T15:41:47.813 5
4013781 4013781 2016-04-11T08:12:03.593 1
2886575 117844 2016-04-11T15:17:56.687 1
4776256 1442917 2016-04-13T14:25:01.263 3
5607962 1344825 2016-04-13T21:48:32.430 1
409508 1688185 2016-04-14T07:53:09.543 1
3129009 1688185 2016-04-17T11:46:15.193 1
409508 409508 2016-04-17T13:30:38.350 0
409508 409508 2016-04-17T18:00:47.503 0
4785185 4785185 2016-04-18T16:39:27.803 1
3601503 1688185 2016-04-24T18:30:21.833 1
2452617 2658050 2016-04-26T21:59:41.053 2
6001121 6262499 2016-04-27T17:07:16.037 -1
3106889 6262499 2016-04-27T17:20:26.877 2
2267681 6262499 2016-04-27T17:36:32.890 0
5720571 6262499 2016-04-27T17:40:44.320 0
420951 420951 2016-04-27T21:24:22.710 0
4415923 6293129 2016-05-04T22:50:03.490 0
4039874 1688185 2016-05-10T13:52:36.323 1
5407700 1688185 2016-05-12T08:03:48.750 1
2452617 4850610 2016-05-12T21:18:12.790 3
2853098 1688185 2016-05-15T13:06:29.207 0
2511888 1688185 2016-05-15T19:34:49.473 2
3551854 2036809 2016-05-18T15:56:16.840 2
3681744 1442917 2016-05-19T16:07:39.520 1
2268644 1688185 2016-05-22T17:41:43.783 2
4894680 1688185 2016-05-23T09:45:03.487 1
297094 409508 2016-05-24T17:09:56.153 2
2452617 4917583 2016-05-25T22:18:46.723 1
2838606 4917583 2016-05-25T23:03:43.087 1
5536853 3760780 2016-05-26T09:24:53.123 2
5536853 2196426 2016-05-26T17:44:00.100 1
1082019 4785185 2016-05-26T18:54:45.453 2
4917583 3859312 2016-05-27T20:38:04.273 0
2268644 2268644 2016-05-29T20:43:08.733 2
2452617 1688185 2016-05-30T08:14:24.843 1
5120502 1688185 2016-05-30T08:25:15.683 1
5120502 2858170 2016-05-31T10:21:34.887 4
3821472 3821472 2016-05-31T23:05:21.763 1
2915234 2915234 2016-06-02T14:19:17.757 0
3355076 212731 2016-06-04T10:11:08.717 1
5621202 117844 2016-06-06T06:01:46.667 2
6417704 936986 2016-06-06T12:25:27.097 2
5705731 734069 2016-06-06T14:02:18.060 8
6417704 1688185 2016-06-06T19:58:13.460 2
3810057 3810057 2016-06-08T11:09:59.763 2
1703006 1688185 2016-06-10T07:56:41.137 1
409508 409508 2016-06-11T19:06:47.543 0
5832403 1957265 2016-06-12T14:05:24.887 3
6463070 4917583 2016-06-14T19:38:13.013 0
1702642 4785185 2016-06-20T17:18:15.433 1
601314 4491743 2016-06-28T14:38:45.183 2
1984680 1984680 2016-07-01T22:18:08.007 0
5737155 5737155 2016-07-06T08:58:33.043 1
2446538 6076729 2016-07-07T20:53:58.497 0
2446538 6076729 2016-07-07T21:06:47.133 0
5365899 117844 2016-07-08T08:34:45.823 2
4039874 6076729 2016-07-08T16:28:44.327 2
1984680 2435187 2016-07-11T21:17:59.130 1
846970 846970 2016-07-11T22:10:56.833 1
5320579 6076729 2016-07-13T11:21:36.543 0
409508 409508 2016-07-17T12:46:53.863 1
395857 117844 2016-07-19T03:50:33.990 1
846970 846970 2016-07-19T20:27:34.377 0
5407700 117844 2016-07-23T19:07:01.397 1
2125302 934567 2016-07-23T19:09:05.007 0
2838606 2658050 2016-07-31T15:53:58.407 1
2838606 2838606 2016-08-03T13:47:49.273 0
2838606 2838606 2016-08-04T21:08:11.533 1
5737155 213123 2016-08-05T06:01:49.920 0
628538 5407700 2016-08-06T15:08:54.773 2
563762 213123 2016-08-08T20:27:42.667 1
4013781 1246028 2016-08-12T19:42:30.170 0
402866 2658050 2016-08-14T11:38:00.390 1
737455 737455 2016-08-14T22:18:09.210 0
737455 737455 2016-08-15T19:49:25.733 0
4237181 3776858 2016-08-18T13:31:32.967 1
6723798 6723798 2016-08-19T22:51:25.663 0
4776256 3928385 2016-08-23T15:46:39.233 1
1282043 1282043 2016-08-26T18:59:00.190 0
6073048 213123 2016-08-27T20:13:26.097 2
5621202 6774069 2016-08-30T11:11:17.483 3
919347 5697743 2016-08-30T15:58:09.797 1
3427580 2328287 2016-08-31T08:24:30.920 -1
3427580 3427580 2016-09-02T16:29:49.590 0
1237313 6858358 2016-09-21T12:51:22.037 2
5818043 5818043 2016-10-04T08:15:59.790 2
1082019 4988601 2016-10-05T02:19:57.710 2
5867542 4371080 2016-10-07T21:53:45.563 0
5737155 1601580 2016-10-10T17:51:09.173 0
3148991 117844 2016-10-14T15:34:10.300 0
1082019 3805131 2016-10-18T14:45:52.120 0
648896 646619 2016-10-19T13:58:01.883 1
3808402 3808402 2016-10-22T20:53:19.713 0
6417704 1338797 2016-10-26T10:59:30.580 1
4833056 2775876 2016-10-31T17:22:20.230 2
1120370 4412981 2016-11-09T12:16:33.423 2
4412981 4412981 2016-11-10T15:26:56.043 1
1074060 2658050 2016-11-13T16:31:34.420 1
2991813 562769 2016-11-22T19:01:09.393 0
4744283 4744283 2016-11-29T01:37:11.407 0
5574315 5574315 2016-12-13T07:58:25.340 0
5908403 419116 2016-12-19T01:25:11.407 2
5118777 7341318 2016-12-27T12:38:06.743 1
3850759 3850759 2016-12-29T12:18:06.523 0
7241218 117844 2016-12-30T23:15:21.697 0
1237313 7066323 2017-01-04T20:53:49.840 0
5776252 49985 2017-01-06T23:03:21.347 0
3957707 848503 2017-01-12T16:15:27.743 0
2990927 7433039 2017-01-19T06:12:15.083 0
2783487 4748557 2017-01-19T17:33:35.457 2
5831205 1993206 2017-01-28T20:41:33.587 1
1749629 893697 2017-02-04T00:24:29.823 0
225885 4687565 2017-02-07T15:49:50.517 0
1237313 1330293 2017-02-08T09:43:31.803 5
5831205 3693922 2017-02-13T10:41:49.633 3
2838606 6254131 2017-02-21T21:11:20.237 0
5352399 2704763 2017-02-27T10:04:34.830 22
1984680 1984680 2017-03-02T12:12:26.630 0
5285417 5285417 2017-03-04T11:43:27.380 0
5285417 6076729 2017-03-05T09:48:33.353 0
7387314 5506161 2017-03-06T10:23:23.367 0
2838606 2838606 2017-03-15T00:48:57.580 0
787980 6076729 2017-03-15T18:15:55.950 1
3864432 3864432 2017-03-17T09:32:35.333 1
5835027 6076729 2017-03-17T15:10:45.987 1
2094889 6076729 2017-03-19T09:26:49.273 2
5352399 2704763 2017-03-20T09:03:55.530 8
5352399 5352399 2017-03-22T03:19:40.483 0
5352399 1235026 2017-03-22T21:37:42.690 1
4752277 1235026 2017-03-22T22:03:36.440 0
4834108 2858170 2017-03-31T07:46:32.767 3
1082019 6664886 2017-04-02T20:01:07.817 1
7426813 7426813 2017-04-04T07:21:23.830 0
6120977 2858170 2017-04-04T08:07:08.170 1
5848524 5848524 2017-04-04T22:41:48.563 8
4834108 4834108 2017-04-05T22:44:43.013 0
1082019 4635560 2017-04-06T18:59:30.720 6
4961048 7434191 2017-04-10T10:45:05.680 0
886314 886314 2017-04-11T01:43:54.943 0
4138044 4138044 2017-04-11T08:19:40.433 0
1789718 3754413 2017-04-11T13:57:02.063 1
4233113 4233113 2017-04-11T15:09:32.917 0
4138044 4687565 2017-04-16T17:32:44.627 1
1830334 4687565 2017-04-16T18:29:53.287 2
1830334 3754413 2017-04-17T15:39:51.843 1
7877814 7877814 2017-04-17T19:21:22.093 0
4480180 3907250 2017-04-19T05:39:33.657 0
7788938 7788938 2017-04-24T06:19:04.047 0
1178798 3754413 2017-04-28T14:21:05.960 1
1930011 3754413 2017-04-28T19:48:56.450 1
1150912 107090 2017-05-03T00:33:21.600 0
988191 3754413 2017-05-03T14:27:59.173 0
7528024 7200715 2017-05-04T09:55:23.707 1
7528024 2847699 2017-05-05T18:27:53.950 0
7353499 1606331 2017-05-10T20:05:40.153 2
1779355 1779355 2017-05-12T07:49:02.473 0
4633087 4633087 2017-06-02T17:01:54.400 0
1886138 4633087 2017-06-02T18:40:09.900 0
4633087 3754413 2017-06-02T19:16:27.377 1
7551385 492620 2017-06-03T04:39:04.007 1
5133167 5747414 2017-06-06T06:00:13.023 3
3800591 3303546 2017-06-06T20:40:06.947 1
2532005 7042758 2017-06-07T10:15:23.267 0
1930011 2858170 2017-06-07T19:55:26.127 1
1460747 3754413 2017-06-08T18:00:47.987 2
2532005 7042758 2017-06-10T16:09:40.840 2
7528024 7528024 2017-06-13T12:08:58.783 0
1460747 3754413 2017-06-13T14:42:54.087 1
8176686 3748807 2017-06-18T08:15:31.040 0
7528024 7042758 2017-06-19T16:27:54.940 1
2307200 7923337 2017-06-19T17:58:28.777 1
5250620 3754413 2017-06-19T19:19:46.957 1
2307200 7042758 2017-06-23T10:38:28.653 1
1866656 1866656 2017-06-24T14:04:49.413 0
7086978 3754413 2017-06-27T02:32:23.760 0
3864432 3754413 2017-06-27T18:47:38.197 1
1460747 8226830 2017-06-28T19:51:22.870 0
5016028 3898650 2017-06-29T18:38:17.310 2
6354331 524436 2017-06-30T08:46:28.253 1
3646408 7042758 2017-07-04T23:08:37.687 2
1930011 8226830 2017-07-07T17:13:51.690 1
2094889 2094889 2017-07-09T11:02:24.743 0
766330 3754413 2017-07-11T14:09:33.700 1
6463339 4758972 2017-07-13T21:07:12.500 0
4758972 4758972 2017-07-15T17:53:36.170 0
1366749 4592059 2017-07-15T23:22:56.503 0
258483 3754413 2017-07-17T21:50:59.457 1
4758972 3754413 2017-07-19T21:25:50.400 0
3262787 3754413 2017-07-26T14:32:42.620 1
4931135 3754413 2017-07-29T18:25:38.020 0
639973 1866656 2017-07-29T19:06:30.043 1
639973 1866656 2017-07-30T11:31:17.760 1
5425773 3754413 2017-08-04T02:35:40.150 0
4202137 4202137 2017-08-04T07:00:29.617 0
1866656 1866656 2017-08-05T15:28:20.377 1
4013781 1830334 2017-08-10T18:05:32.197 0
4931135 3114434 2017-08-15T12:07:34.333 0
7528024 7528024 2017-08-15T15:04:58.020 1
1830334 4687565 2017-08-24T04:23:55.883 1
