41718 33252 1230006967220 21 3 True
41718 17160 1230028419823 21 7 False
41718 1205758 1329087122930 21 2 False
41718 221509 1329096028603 21 3 False
41718 1400386 1337239857633 21 11 False
41718 18403 1379035984577 21 4 False
163173 1688185 1407781379900 7 20 True
936332 1442917 1413524648903 4 0 False
2783487 646619 1416408271987 11 9 True
2783487 2783487 1416570874160 11 4 False
936332 936332 1417683463730 4 2 True
297094 1442917 1421685763267 1 1 False
2352671 1442917 1421807852490 14 14 True
1240896 1688185 1422263909913 1 3 True
2380470 1688185 1422438683283 2 11 True
2138524 49985 1423065664377 2 1 True
620625 117844 1423913214557 1 2 True
659156 117844 1424583399517 1 2 True
3468673 1688185 1427292115420 3 4 True
563762 1442917 1427745719523 5 2 True
563762 117844 1427749609887 5 3 False
563762 49985 1427921120397 3 3 True
470433 117844 1428078760753 7 9 True
1082019 1442917 1428336450727 3 2 True
1367788 117844 1428678681013 2 3 True
1367788 1367788 1428999299757 2 1 False
1082019 1442917 1429141070427 1 3 True
1546029 805875 1430008543063 1 2 True
1546029 117844 1430324127313 1 1 True
1546029 117844 1430346691700 4 8 True
2352671 1070480 1430649921620 14 3 False
3468673 2929337 1430726542897 0 0 False
3468673 117844 1430761350233 0 1 True
3468673 677824 1430822266820 3 1 False
3468673 2929337 1430829315047 3 2 True
4866811 1688185 1430843390343 1 4 True
1546029 107090 1431787728967 2 2 True
1715101 117844 1431878021517 3 11 True
219603 1688185 1432195951513 0 4 True
916451 1322972 1432450883807 3 7 True
1056274 2726734 1433094663243 5 7 True
3993741 117844 1433191697250 1 1 False
3993741 4455483 1433336773423 1 3 True
1082019 1688185 1434195278207 2 3 True
4961048 1688185 1434815021190 1 1 True
4953112 61529 1434975488620 1 2 True
4961048 3633250 1434983015527 1 2 True
3551854 1009479 1434986072377 13 12 False
563762 2053898 1434992356197 5 0 False
3551854 1688185 1435141758583 13 10 True
2113367 117844 1435167827670 1 2 True
4961048 2113367 1435185058560 1 2 True
3113501 2726734 1435634834673 0 5 True
3113501 646619 1435701243813 2 5 True
1366749 117844 1435853297993 9 14 True
3284343 1688185 1435938715597 1 1 True
2352671 1970830 1436247895643 14 2 False
1082019 2726734 1436397633693 10 14 True
225814 225814 1436452073000 2 0 True
4747870 4850610 1436720408670 2 2 True
1082019 1688185 1436869154000 2 3 True
3106889 1688185 1437032476587 1 1 True
4357605 117844 1437377557617 5 12 True
678392 2357112 1437452959847 3 7 True
2598910 5072453 1438943341187 3 2 True
2293069 117844 1439503299327 1 3 True
1120370 117844 1439571355833 6 10 True
5118777 5118777 1439956816477 4 7 True
5260975 4850610 1440605255697 3 4 True
5240885 4850610 1441208383890 2 4 True
49985 819046 1441295194640 3 1 False
49985 2726734 1441297615833 3 4 True
4357605 309653 1441778721330 5 4 False
350605 4850610 1442252537660 2 2 True
5118777 4850610 1442329536557 1 4 True
350605 1417179 1442509170807 3 5 True
1082019 258523 1442610362570 0 1 True
1082019 5118777 1444287864700 7 9 True
5429355 1688185 1444513222543 3 2 True
1804173 1804173 1444588295457 2 1 True
249226 752976 1444932204647 2 3 True
1135950 1688185 1444945212360 -2 1 True
3431929 1695960 1445393846993 0 1 True
1366749 117844 1445441670693 1 4 True
1082019 117844 1445544256777 9 15 True
2782619 4850610 1446755494660 0 1 True
4975126 5170044 1446851120110 0 0 True
1886138 4850610 1447278955757 3 5 True
1114272 5118777 1447643602443 3 1 True
3106889 1442917 1447690044957 5 1 False
395857 395857 1447904944747 0 0 True
1010393 1688185 1448132983483 3 6 True
4415923 4415923 1448214541420 0 1 True
4364020 387870 1448356753953 1 2 True
2267681 2267681 1448825923337 2 1 True
5118777 5118777 1448873725500 1 1 True
5637190 387870 1449220273077 0 0 True
2452761 387870 1449225004010 1 3 True
2267681 4850610 1449610289947 2 1 False
2397318 2397318 1449626078283 1 0 True
1884420 1884420 1449713765987 4 5 True
5118777 1442917 1449719890297 1 0 True
4013781 1688185 1450257470177 0 1 True
4013781 4013781 1450491762267 3 2 True
5720571 3760780 1451222908040 0 0 True
4380945 4380945 1451341032953 1 2 True
4380945 734069 1451662258110 1 3 False
4380945 4850610 1451672352597 1 6 True
3106889 3735873 1451812472550 0 2 False
3106889 3735873 1451812783667 0 2 False
3106889 4850610 1451830818277 0 2 True
2876684 2673526 1452453674103 0 3 True
4380945 4380945 1452554716800 1 0 True
2452617 350664 1452621215340 2 0 False
2452617 1688185 1452675449490 2 4 True
4013781 4850610 1452681655377 2 2 True
350664 350664 1452699575280 2 0 True
4013781 2658050 1452901666600 1 1 True
4341948 3760780 1452974128467 5 7 True
4341948 5812469 1453234361260 5 1 False
2452617 1688185 1454106087273 0 1 True
2452617 117844 1454250534893 1 1 True
3654968 217802 1454259232067 0 1 True
4341948 5675002 1454349203477 0 1 True
1879926 1688185 1454360753297 1 1 True
4299527 562769 1454443789897 3 4 True
3106889 3106889 1454514559160 1 0 True
4013781 2658050 1454620976813 1 1 True
551538 2857133 1454631155023 3 6 True
4672217 4672217 1454709585263 2 2 True
4040998 2857133 1454714003640 2 3 True
45843 3167182 1454849901540 2 2 True
4040998 2857133 1454859863890 2 3 True
4040998 2857133 1454886559560 2 3 True
4572570 5407700 1454925856407 1 0 True
45843 4850610 1454945028187 1 3 True
5407700 4850610 1454992283503 1 2 True
3113501 1688185 1455146878067 0 2 True
3668324 1676363 1455499717647 1 3 True
563762 3932212 1455743873940 5 4 False
28802 117844 1455994016147 2 2 True
5954650 2658050 1456011226673 0 2 True
4013781 4013781 1456260747993 0 0 True
4917583 2546626 1456475427870 2 3 True
639973 3685419 1456491668363 3 2 True
2886575 117844 1456513758513 0 2 True
700023 2669077 1456696302937 2 4 True
1082019 4850610 1456753538597 6 2 True
5443023 5443023 1456853194047 2 2 True
1094908 1190388 1456974905633 1 1 True
5489845 4927616 1456987301733 -3 0 True
3853033 5407700 1457012317367 0 1 True
6001121 1832539 1457183936097 0 0 True
2011802 2669077 1457472916727 2 1 True
5024858 1381755 1457489034340 0 2 True
3796327 1688185 1457512391500 2 4 True
846970 1688185 1457779420397 0 1 True
5407700 258523 1458073404417 3 1 True
133374 117844 1458138714793 1 1 False
2086557 117844 1458138789030 0 0 True
133374 133374 1458140643077 1 0 True
133374 4850610 1458211266390 1 2 True
399397 3677376 1458237027633 4 4 True
3449534 4850610 1458334841907 0 3 True
399397 3735873 1458346691053 4 2 False
2491303 2011802 1458575764157 0 1 True
3957707 2011802 1458807560983 2 4 True
492372 1688185 1459237425357 0 1 True
4716167 1688185 1459237941150 0 0 True
3932212 1688185 1459275034303 0 1 True
4341948 4850610 1459453841477 4 4 True
2838606 1688185 1459543807353 0 5 True
4001193 431895 1459627464913 3 7 True
4013781 4013781 1459645834560 1 0 True
4001193 1688185 1459686546743 0 -1 True
4341948 4850610 1459720928103 0 1 True
5676466 316799 1459784394903 1 1 True
987185 1688185 1459784694347 0 1 True
5576325 1688185 1459930298737 2 7 True
648896 1688185 1459946286477 0 3 True
2838606 2838606 1460071554347 0 0 True
2838606 2838606 1460074544933 3 1 True
2838606 2838606 1460074812800 1 0 True
4611375 4611375 1460302907813 2 5 True
4013781 4013781 1460362323593 2 1 True
2886575 117844 1460387876687 0 1 True
4776256 1442917 1460557501263 0 3 True
5607962 1344825 1460584112430 0 1 True
409508 1688185 1460620389543 0 1 True
3129009 1688185 1460893575193 0 1 True
409508 409508 1460899838350 0 0 True
409508 409508 1460916047503 0 0 True
4785185 4785185 1460997567803 1 1 True
3601503 1688185 1461522621833 0 1 True
2990927 3309044 1461631503090 0 1 True
2990927 6095189 1461632401357 0 2 False
2452617 4785185 1461703652120 1 0 False
2452617 2658050 1461707981053 1 2 True
420951 5974433 1461711508937 -1 1 False
6001121 6262499 1461776836037 0 -1 False
3106889 6262499 1461777626877 5 2 True
2267681 6262499 1461778592890 2 0 False
5720571 6262499 1461778844320 0 0 False
420951 420951 1461792262710 -1 0 True
4415923 6293129 1462402203490 0 0 False
4039874 1688185 1462888356323 1 1 True
5407700 1688185 1463040228750 0 1 True
2452617 4850610 1463087892790 1 3 True
4013781 1344723 1463265649637 9 2 True
2853098 1688185 1463317589207 1 0 True
2511888 1688185 1463340889473 2 2 True
3551854 2036809 1463586976840 13 2 False
3681744 1442917 1463674059520 0 1 True
2268644 1688185 1463938903783 1 2 True
4894680 1688185 1463996703487 2 1 True
297094 409508 1464109796153 1 2 True
2452617 4917583 1464214726723 0 1 True
2838606 4917583 1464217423087 0 1 True
5536853 3197530 1464254677207 0 1 False
5536853 3760780 1464254693123 0 2 True
5536853 2196426 1464284640100 2 1 True
1082019 4785185 1464288885453 1 2 True
4917583 3859312 1464381484273 2 0 False
2268644 2268644 1464554588733 1 2 True
2452617 1688185 1464596064843 0 1 True
5120502 1688185 1464596715683 0 1 True
5120502 107090 1464690060657 1 1 False
5120502 2858170 1464690094887 1 4 True
3821472 3821472 1464735921763 0 1 True
2915234 2915234 1464877157757 0 0 True
3810057 6336645 1464959365577 3 0 False
3355076 212731 1465035068717 2 1 True
5621202 117844 1465192906667 1 2 True
6417704 936986 1465215927097 1 2 True
5705731 734069 1465221738060 2 8 True
6417704 2858170 1465225588547 4 5 True
6417704 1688185 1465243093460 0 2 True
2125302 117844 1465255827477 0 0 True
3810057 3810057 1465384199763 3 2 True
1703006 1688185 1465545401137 0 1 True
409508 409508 1465672007543 0 0 True
5832403 1957265 1465740324887 1 3 True
6463339 4917583 1465931377763 1 0 True
6463070 4917583 1465933093013 0 0 True
6463339 4850610 1466079726150 1 3 False
1702642 4785185 1466443095433 0 1 True
601314 4491743 1467124725183 1 2 True
1984680 1984680 1467411488007 0 0 True
5737155 6550941 1467712040303 10 6 True
5737155 5737155 1467795513043 -2 1 True
2446538 4785185 1467917840303 0 0 False
2446538 6076729 1467924838497 0 0 True
2446538 6076729 1467925607133 0 0 True
5365899 117844 1467966885823 0 2 True
4039874 6076729 1467995324327 0 2 True
1984680 6076729 1468101052800 0 1 True
1984680 2435187 1468271879130 0 1 False
846970 846970 1468275056833 3 1 True
5320579 6076729 1468408896543 0 0 True
409508 409508 1468759613863 1 1 True
395857 117844 1468900233990 0 1 True
846970 6581763 1468911392643 0 0 False
846970 846970 1468960054377 0 0 True
5407700 117844 1469300821397 0 1 True
2125302 934567 1469300945007 0 0 False
2838606 2658050 1469980438407 0 1 True
2838606 6076729 1470123797373 1 -1 False
2838606 2838606 1470232069273 0 0 True
5737155 5073393 1470312292537 0 0 False
628538 213123 1470344878740 0 0 True
2838606 2838606 1470344891533 1 1 True
5737155 213123 1470376909920 0 0 True
628538 5407700 1470496134773 0 2 False
563762 213123 1470688062667 5 1 False
1282043 6614127 1470690421363 0 1 False
4013781 1246028 1471030950170 9 0 False
402866 2658050 1471174680390 0 1 True
737455 737455 1471213089210 1 0 True
737455 737455 1471290565733 1 0 True
4237181 801711 1471526950570 0 0 False
4237181 3776858 1471527092967 0 1 True
6723798 6723798 1471647085663 0 0 True
4776256 3928385 1471967199233 0 1 True
1282043 1282043 1472237940190 0 0 True
6073048 213123 1472328806097 2 2 True
5621202 6774069 1472555477483 2 3 True
919347 5697743 1472572689797 1 1 True
3427580 3427580 1472593462963 1 2 True
3427580 2328287 1472631870920 1 -1 False
3427580 3427580 1472833789590 0 0 True
1237313 6858358 1474462282037 0 2 True
5818043 5818043 1475568959790 1 2 True
1082019 1262901 1475604691797 7 0 False
1082019 4988601 1475633997710 7 2 True
5867542 4371080 1475877225563 0 0 True
5737155 1601580 1476121869173 10 0 False
3148991 117844 1476459250300 0 0 True
1082019 3805131 1476801952120 7 0 False
648896 646619 1476885481883 1 1 True
3808402 3808402 1477169599713 0 0 True
6417704 1338797 1477479570580 4 1 False
4833056 2775876 1477934540230 3 2 True
1120370 4412981 1478693793423 6 2 False
4412981 4412981 1478791616043 0 1 True
1074060 2658050 1479054694420 1 1 True
2991813 562769 1479841269393 0 0 True
4744283 4744283 1480383431407 1 0 True
5574315 5574315 1481615905340 0 0 True
5908403 419116 1482110711407 1 2 True
5118777 7341318 1482842286743 4 1 False
3850759 3850759 1483013886523 0 0 True
7241218 117844 1483139721697 0 0 True
1237313 7066323 1483563229840 1 0 True
5776252 49985 1483743801347 1 0 True
3957707 848503 1484237727743 2 0 False
2990927 7433039 1484806335083 0 0 False
2783487 4748557 1484847215457 11 2 False
5831205 1993206 1485636093587 0 1 True
1749629 1749629 1486154556533 1 0 False
1749629 893697 1486167869823 1 0 True
5831205 6589616 1486310681183 9 11 True
225885 4687565 1486482590517 0 0 True
1237313 1330293 1486547011803 3 5 True
5831205 3693922 1486982509633 9 3 False
2838606 6254131 1487711480237 1 0 False
5352399 2704763 1488189874830 13 22 True
1984680 1984680 1488456746630 0 0 True
4480180 395857 1488478755833 1 1 True
5285417 5285417 1488627807380 1 0 True
5285417 6076729 1488707313353 0 0 True
7387314 5506161 1488795803367 0 0 True
2838606 2838606 1489538937580 1 0 True
787980 6076729 1489601755950 0 1 True
3864432 3864432 1489743155333 0 1 True
5835027 6076729 1489763445987 2 1 True
2094889 6076729 1489915609273 -3 2 True
5352399 2704763 1490000635530 1 8 True
5352399 7420421 1490137319577 0 0 False
5352399 5688082 1490137878487 0 0 False
5352399 5352399 1490152780483 0 0 True
5352399 1235026 1490218662690 1 1 True
4752277 1235026 1490220216440 0 0 True
4834108 162054 1490944885557 1 1 False
4834108 2858170 1490946392767 1 3 True
5848524 524436 1490972911830 4 2 False
1082019 6664886 1491163267817 1 1 True
1082019 4491743 1491273096903 6 1 False
7426813 7426813 1491290483830 0 0 True
6120977 2858170 1491293228170 1 1 True
5848524 5848524 1491345708563 4 8 True
4834108 4834108 1491432283013 0 0 True
1082019 4635560 1491505170720 6 6 True
4961048 7434191 1491821105680 1 0 False
886314 886314 1491875034943 0 0 True
4138044 4138044 1491898780433 0 0 True
1789718 3754413 1491919022063 0 1 True
4233113 4233113 1491923372917 0 0 True
4138044 4687565 1492363964627 0 1 True
1830334 4687565 1492367393287 0 2 True
1830334 3754413 1492443591843 0 1 True
7877814 7877814 1492456882093 0 0 True
4480180 3907250 1492580373657 1 0 False
7788938 7788938 1493014744047 0 0 True
1178798 3754413 1493389265960 0 1 True
1930011 3754413 1493408936450 0 1 True
1150912 107090 1493771601600 -1 0 True
988191 3754413 1493821679173 0 0 True
7528024 7802200 1493891576193 1 0 False
7528024 7200715 1493891723707 1 1 True
7528024 2847699 1494008873950 1 0 True
5016028 2847699 1494009247170 1 1 False
7353499 1606331 1494446740153 1 2 True
1779355 1779355 1494575342473 0 0 True
4633087 4633087 1496422914400 0 0 True
1886138 4633087 1496428809900 3 0 False
4633087 3754413 1496430987377 0 1 True
7551385 492620 1496464744007 0 1 True
5133167 5747414 1496728813023 1 3 True
3800591 3303546 1496781606947 3 1 True
2532005 7042758 1496830523267 0 0 True
1930011 2858170 1496865326127 0 1 True
1460747 3754413 1496944847987 1 2 True
2532005 7042758 1497110980840 2 2 True
7528024 7528024 1497355738783 0 0 True
1460747 3754413 1497364974087 0 1 True
8176686 3748807 1497773731040 1 0 True
7528024 7042758 1497889674940 0 1 True
2307200 7923337 1497895108777 1 1 True
5250620 3754413 1497899986957 0 1 True
2307200 7042758 1498214308653 0 1 True
1866656 1866656 1498313089413 0 0 True
7086978 3754413 1498530743760 0 0 True
3864432 3754413 1498589258197 0 1 True
1460747 8226830 1498679482870 0 0 True
5016028 3898650 1498761497310 1 2 True
6354331 524436 1498812388253 1 1 True
3646408 7042758 1499209717687 2 2 True
1930011 8226830 1499447631690 2 1 True
2094889 2094889 1499598144743 0 0 True
766330 3754413 1499782173700 0 1 True
6463339 4758972 1499980032500 1 0 False
4758972 4758972 1500141216170 0 0 True
1366749 4592059 1500160976503 1 0 False
258483 3754413 1500328259457 -2 1 True
4758972 7387369 1500401555813 2 0 False
4758972 3754413 1500499550400 2 0 True
3262787 3754413 1501079562620 0 1 True
4931135 3754413 1501352738020 0 0 True
639973 1866656 1501355190043 0 1 True
639973 1866656 1501414277760 1 1 True
5425773 3754413 1501814140150 0 0 True
4202137 4202137 1501830029617 0 0 True
1866656 1866656 1501946900377 0 1 True
4013781 1830334 1502388332197 3 0 False
4931135 3114434 1502798854333 -2 0 True
7528024 7528024 1502809498020 1 1 True
1830334 4687565 1503548635883 0 1 True
